Iteration   Continuity  Energy  
1        0.302698       0.402993
2        0.470715       0.617098
3        0.507262       0.665507
4        0.469905       0.609844
5        0.407501       0.522219
6        0.362136       0.460129
7        0.321902       0.40361
8        0.337875       0.413282
9        0.357806       0.438051
10        0.380913       0.475059
11        0.389145       0.483145
12        0.272243       0.373424
13        0.260565       0.324403
14        0.277992       0.364936
15        0.287881       0.395885
16        0.296267       0.389158
17        0.305975       0.38639
18        0.33266       0.432355
19        0.302446       0.37328
20        0.235841       0.351168
21        0.248266       0.35389
22        0.257606       0.364225
23        0.256125       0.380493
24        0.247122       0.367229
25        0.24541       0.373604
26        0.335117       0.425234
27        0.220777       0.34032
28        0.236243       0.341775
29        0.271432       0.342975
30        0.239309       0.359356
31        0.231495       0.337002
32        0.225347       0.346305
33        0.21751       0.338518
34        0.209077       0.314221
35        0.219296       0.318324
36        0.209845       0.301851
37        0.242693       0.327969
38        0.210421       0.321685
39        0.21626       0.313377
40        0.202031       0.317492
41        0.191988       0.289418
42        0.203247       0.280508
43        0.238222       0.313097
44        0.189764       0.286843
45        0.192625       0.293393
46        0.195686       0.305203
47        0.228125       0.296225
48        0.182226       0.277674
49        0.185762       0.265406
50        0.174102       0.262631
51        0.179239       0.271713
52        0.205529       0.275278
53        0.206235       0.279286
54        0.177131       0.26843
55        0.170434       0.24867
56        0.168226       0.244171
57        0.169278       0.255979
58        0.168981       0.260259
59        0.179324       0.261134
60        0.166556       0.258868
61        0.156694       0.252821
62        0.177749       0.239848
63        0.181063       0.239788
64        0.160433       0.246979
65        0.165325       0.251994
66        0.162142       0.254049
67        0.216972       0.250654
68        0.149212       0.241459
69        0.191766       0.220696
70        0.150959       0.231638
71        0.15547       0.240352
72        0.156439       0.24634
73        0.149693       0.237721
74        0.159541       0.239427
75        0.155167       0.222819
76        0.148098       0.218622
77        0.163301       0.229699
78        0.151394       0.238157
79        0.161996       0.234555
80        0.148338       0.239118
81        0.204672       0.238029
82        0.15079       0.224012
83        0.150354       0.21575
84        0.176826       0.228443
85        0.143626       0.22855
86        0.144996       0.233474
87        0.147878       0.227434
88        0.137287       0.22693
89        0.132197       0.21309
90        0.138893       0.217698
91        0.153843       0.221902
92        0.141788       0.228044
93        0.140818       0.228698
94        0.136355       0.224415
95        0.133303       0.22024
96        0.166266       0.217453
97        0.134917       0.215004
98        0.138368       0.222059
99        0.140002       0.22772
100        0.171031       0.223371
101        0.136761       0.226535
102        0.145577       0.221008
103        0.129063       0.214896
104        0.133041       0.212666
105        0.160267       0.222547
106        0.132942       0.217836
107        0.137367       0.227914
108        0.135855       0.222191
109        0.132956       0.224911
110        0.126687       0.211998
111        0.132778       0.215569
112        0.129262       0.210505
113        0.136014       0.225642
114        0.128196       0.214789
115        0.134314       0.227235
116        0.12161       0.209855
117        0.127107       0.217576
118        0.124782       0.204245
119        0.132477       0.21919
120        0.126568       0.21011
121        0.13416       0.224183
122        0.121058       0.207125
123        0.137531       0.222595
124        0.12025       0.202968
125        0.137286       0.210462
126        0.124571       0.206733
127        0.130055       0.218605
128        0.142163       0.204532
129        0.129515       0.221894
130        0.117314       0.199914
131        0.157229       0.214355
132        0.121064       0.200668
133        0.126723       0.212183
134        0.121752       0.204387
135        0.128217       0.218911
136        0.115347       0.197587
137        0.125451       0.217413
138        0.116013       0.197517
139        0.121977       0.205184
140        0.118882       0.200125
141        0.12443       0.211152
142        0.115689       0.201084
143        0.124583       0.214974
144        0.110765       0.194393
145        0.125335       0.20848
146        0.11445       0.198056
147        0.120796       0.204006
148        0.125523       0.20107
149        0.122786       0.210966
150        0.115983       0.196724
151        0.123478       0.208684
152        0.109875       0.195251
153        0.126917       0.196314
154        0.110107       0.198398
155        0.122115       0.201556
156        0.136096       0.198167
157        0.118244       0.204535
158        0.136963       0.1922
159        0.112918       0.197014
160        0.109696       0.196318
161        0.113577       0.192446
162        0.130136       0.197531
163        0.115459       0.198543
164        0.129988       0.190312
165        0.112109       0.194663
166        0.10936       0.1939
167        0.107749       0.186008
168        0.108521       0.194789
169        0.109838       0.187418
170        0.108037       0.189373
171        0.108852       0.187804
172        0.108566       0.190646
173        0.120608       0.184776
174        0.107886       0.191913
175        0.10366       0.175539
176        0.110799       0.187579
177        0.115763       0.177294
178        0.107187       0.186347
179        0.116022       0.182271
180        0.106781       0.188106
181        0.116373       0.176047
182        0.102793       0.181265
183        0.116901       0.173384
184        0.102564       0.176207
185        0.112148       0.179207
186        0.103139       0.179128
187        0.113868       0.174358
188        0.100227       0.175175
189        0.117248       0.17346
190        0.09695       0.170574
191        0.102421       0.176439
192        0.0980837       0.168554
193        0.0987612       0.171206
194        0.0959653       0.166194
195        0.105296       0.172402
196        0.0918398       0.168857
197        0.0974428       0.173489
198        0.0907253       0.15581
199        0.0938349       0.163405
200        0.0907338       0.165193
201        0.0953909       0.165714
202        0.0913667       0.166464
203        0.127454       0.164934
204        0.0947356       0.158728
205        0.0886845       0.159333
206        0.104016       0.164058
207        0.0901609       0.154698
208        0.0900879       0.162297
209        0.10947       0.153587
210        0.0916235       0.159365
211        0.100074       0.158666
212        0.0907568       0.159882
213        0.0902816       0.150054
214        0.0866564       0.152918
215        0.0890539       0.154338
216        0.0872054       0.150779
217        0.0924031       0.155909
218        0.0899224       0.149994
219        0.0845378       0.149736
220        0.0870349       0.149691
221        0.0862063       0.15373
222        0.108998       0.14372
223        0.0833567       0.1477
224        0.0804019       0.146025
225        0.0834445       0.144979
226        0.0861713       0.148843
227        0.0826076       0.144283
228        0.0797394       0.141849
229        0.0773667       0.141237
230        0.0819149       0.146519
231        0.0772667       0.136801
232        0.0799547       0.143252
233        0.0762104       0.138478
234        0.0797986       0.138935
235        0.0779625       0.141798
236        0.0982443       0.137149
237        0.0964041       0.13548
238        0.0740132       0.136273
239        0.0780817       0.139807
240        0.0734929       0.129062
241        0.0748451       0.132748
242        0.0741426       0.134777
243        0.102586       0.132609
244        0.0743232       0.134876
245        0.0738866       0.129236
246        0.0737262       0.131451
247        0.0713556       0.130931
248        0.0868468       0.13377
249        0.0705778       0.122701
250        0.0720886       0.124841
251        0.0840249       0.130684
252        0.0803048       0.125775
253        0.0964701       0.127213
254        0.089288       0.123603
255        0.0854902       0.127703
256        0.0798497       0.125035
257        0.0951357       0.123822
258        0.0724853       0.122577
259        0.0689974       0.119461
260        0.0943049       0.125757
261        0.0674983       0.117314
262        0.0684818       0.121117
263        0.0775719       0.122361
264        0.0684622       0.120457
265        0.104985       0.131046
266        0.0658784       0.116063
267        0.067638       0.121435
268        0.0649531       0.11412
269        0.0662274       0.118766
270        0.0803706       0.116405
271        0.0712208       0.115484
272        0.0723221       0.117806
273        0.0633345       0.111243
274        0.0782376       0.116786
275        0.0685745       0.115611
276        0.0646689       0.114448
277        0.0701044       0.113583
278        0.0636981       0.110971
279        0.0648402       0.116919
280        0.0744315       0.108475
281        0.0641632       0.113718
282        0.0672601       0.115586
283        0.0635903       0.112026
284        0.0620158       0.111288
285        0.0721185       0.111551
286        0.0721907       0.115679
287        0.0720675       0.107164
288        0.0619395       0.108138
289        0.0634476       0.115002
290        0.0616204       0.107886
291        0.0614624       0.110877
292        0.0937839       0.112056
293        0.0635962       0.113391
294        0.060057       0.109169
295        0.0628644       0.1084
296        0.0756652       0.114193
297        0.0696321       0.105598
298        0.0713874       0.107724
299        0.0707776       0.113257
300        0.0808218       0.107315
301        0.0605853       0.109624
302        0.0767631       0.110089
303        0.0718336       0.111952
304        0.0773076       0.107269
305        0.083278       0.106227
306        0.0621871       0.112401
307        0.0767247       0.103703
308        0.0899794       0.112765
309        0.0609924       0.111101
310        0.0597293       0.105491
311        0.0590701       0.106636
312        0.062161       0.107652
313        0.0950773       0.117201
314        0.058873       0.1044
315        0.0734405       0.10402
316        0.095408       0.117331
317        0.0556291       0.101406
318        0.068219       0.103115
319        0.0595086       0.108312
320        0.0949842       0.115436
321        0.0733545       0.103654
322        0.0828883       0.105138
323        0.0984717       0.121095
324        0.0579197       0.102567
325        0.0669846       0.101532
326        0.0990997       0.120259
327        0.054956       0.0999631
328        0.0806894       0.100442
329        0.0786815       0.104329
330        0.0912251       0.110733
331        0.0562443       0.100565
332        0.0597266       0.102162
333        0.076368       0.0974194
334        0.0554532       0.0999737
335        0.0543768       0.099256
336        0.0549203       0.0980735
337        0.0542145       0.0983404
338        0.0651509       0.0963925
339        0.0695313       0.0974046
340        0.0684013       0.0957698
341        0.0653918       0.0953461
342        0.0614388       0.0968337
343        0.0709363       0.0932357
344        0.0657939       0.0953181
345        0.0583931       0.095954
346        0.0770922       0.0921082
347        0.0647418       0.0953973
348        0.0709341       0.0953608
349        0.0500511       0.0916632
350        0.086144       0.0968179
351        0.0852909       0.111172
352        0.0590754       0.0925153
353        0.0840104       0.102877
354        0.051657       0.0946137
355        0.0508627       0.0935073
356        0.0836196       0.104429
357        0.0540211       0.0955877
358        0.0615191       0.094914
359        0.0905473       0.114423
360        0.0540499       0.0950391
361        0.0908854       0.110152
362        0.0680319       0.0949001
363        0.0600165       0.0929817
364        0.054954       0.0954146
365        0.0922375       0.116927
366        0.0492851       0.090658
367        0.0577993       0.093855
368        0.0933322       0.116492
369        0.0726445       0.09314
370        0.0508491       0.092688
371        0.0865532       0.104901
372        0.051469       0.09482
373        0.0636626       0.0921682
374        0.0874638       0.108015
375        0.070759       0.0953446
376        0.0507303       0.0928731
377        0.083137       0.102078
378        0.0516737       0.0950745
379        0.0828145       0.0984783
380        0.067737       0.0896007
381        0.0504919       0.0933683
382        0.0506827       0.0936828
383        0.0499863       0.0921022
384        0.0700807       0.0912918
385        0.0516088       0.0941687
386        0.0699205       0.0928866
387        0.0591266       0.0895068
388        0.0606535       0.0925039
389        0.0547823       0.0932253
390        0.059549       0.0895176
391        0.0568194       0.0897135
392        0.0543925       0.0926076
393        0.0562731       0.0907457
394        0.0619167       0.0883047
395        0.0630247       0.0919892
396        0.0536005       0.0920645
397        0.0741873       0.0958593
398        0.0516493       0.0890721
399        0.0495016       0.0911834
400        0.0640487       0.0903591
401        0.0502147       0.0852551
402        0.0487707       0.090133
403        0.0488391       0.0903407
404        0.0475479       0.0876749
405        0.0722439       0.0889248
406        0.0785204       0.0952225
407        0.0484663       0.0892795
408        0.0466958       0.0856474
409        0.048186       0.0887057
410        0.0615952       0.0893182
411        0.0472435       0.0867308
412        0.0530896       0.0849392
413        0.052185       0.089062
414        0.0477138       0.0881188
415        0.0459914       0.084743
416        0.0473665       0.0872674
417        0.04813       0.0887067
418        0.047031       0.0860581
419        0.0575125       0.0832069
420        0.0472761       0.0868914
421        0.0681372       0.0864389
422        0.0458126       0.0831476
423        0.0467132       0.0851785
424        0.04743       0.0874328
425        0.0464398       0.0856451
426        0.0542308       0.0817196
427        0.046736       0.0859645
428        0.0656444       0.0860152
429        0.0452022       0.0832071
430        0.0449563       0.0827019
431        0.0592629       0.0854303
432        0.0457491       0.084392
433        0.0437137       0.080654
434        0.0504124       0.084439
435        0.0465507       0.0857398
436        0.0449949       0.0829229
437        0.067753       0.0858296
438        0.0463721       0.0844095
439        0.0452177       0.083216
440        0.0511836       0.0794085
441        0.0446632       0.0821874
442        0.0457571       0.0842414
443        0.0447042       0.0824879
444        0.0665988       0.0826418
445        0.0452086       0.0830493
446        0.0554467       0.0832223
447        0.0448581       0.0798557
448        0.0485845       0.080232
449        0.0540845       0.0822657
450        0.0514316       0.0813281
451        0.0580601       0.0778812
452        0.0524543       0.0816323
453        0.0449227       0.0826138
454        0.0500227       0.0796097
455        0.0424874       0.0778773
456        0.0614467       0.08099
457        0.0601292       0.0800441
458        0.0504785       0.077544
459        0.0462389       0.0779419
460        0.0571595       0.0813071
461        0.0609167       0.0799137
462        0.049884       0.0761752
463        0.057883       0.0781649
464        0.0510105       0.0802493
465        0.0451108       0.0770113
466        0.0591422       0.0746215
467        0.0456691       0.0757514
468        0.0631044       0.0798362
469        0.0569439       0.0779742
470        0.0443934       0.0712793
471        0.0601096       0.0748444
472        0.0416072       0.0765603
473        0.0517701       0.073469
474        0.042906       0.0698413
475        0.0360787       0.0633323
476        0.0463093       0.0715251
477        0.0396924       0.0729842
478        0.0444038       0.0671801
479        0.0400157       0.0619461
480        0.0470023       0.0608281
481        0.0526308       0.066914
482        0.0502859       0.0657603
483        0.0486208       0.0598317
484        0.0319628       0.0552122
485        0.0449359       0.056994
486        0.0517964       0.0612075
487        0.06402       0.0807737
488        0.0326865       0.05592
489        0.0378373       0.0550297
490        0.0557139       0.0612164
491        0.0463376       0.0567364
492        0.0403901       0.0545596
493        0.0415879       0.0502433
494        0.0516228       0.0663509
495        0.0462678       0.0593902
496        0.0599974       0.0757495
497        0.0359479       0.0531222
498        0.0389945       0.0559283
499        0.0422907       0.0516377
500        0.0346979       0.0515634
501        0.0404031       0.0554745
502        0.0442731       0.0577947
503        0.0450486       0.0532865
504        0.0353532       0.0548226
505        0.0398519       0.053321
506        0.0293082       0.0498855
507        0.063935       0.0813577
508        0.0410695       0.0534021
509        0.0419478       0.0507526
510        0.0373204       0.0519663
511        0.0290325       0.0534055
512        0.0453628       0.058291
513        0.0269498       0.0494668
514        0.0396116       0.0535896
515        0.0618492       0.0784028
516        0.0314233       0.0480262
517        0.0429195       0.0529173
518        0.0454893       0.0550122
519        0.0443401       0.0547161
520        0.0506488       0.0618908
521        0.0405829       0.0524106
522        0.0445585       0.0558145
523        0.0435555       0.0541182
524        0.0348081       0.0515395
525        0.0351356       0.0499996
526        0.0399295       0.0525813
527        0.0470058       0.0514868
528        0.0509477       0.050735
529        0.0568356       0.0844118
530        0.0354075       0.0499205
531        0.0329981       0.0504217
532        0.0453686       0.0517403
533        0.0488044       0.0662355
534        0.0370915       0.049841
535        0.0456523       0.0574545
536        0.0431321       0.0529917
537        0.0473204       0.0659927
538        0.0379377       0.0485936
539        0.0425976       0.0554457
540        0.0455007       0.0632012
541        0.0437808       0.0549744
542        0.0432922       0.054776
543        0.0621239       0.0807083
544        0.045214       0.0576842
545        0.0405091       0.0465018
546        0.0618129       0.0787752
547        0.0468874       0.0547357
548        0.0477339       0.0635048
549        0.0459659       0.0611405
550        0.0463172       0.0563605
551        0.048668       0.0599385
552        0.0415452       0.0543849
553        0.057097       0.0716486
554        0.0397705       0.0523561
555        0.037627       0.0526539
556        0.0480489       0.0631386
557        0.0573281       0.0730321
558        0.0385817       0.0509847
559        0.0360927       0.0423705
560        0.0415861       0.054356
561        0.0412667       0.0495928
562        0.0468202       0.0601687
563        0.0467454       0.0575297
564        0.066951       0.0863054
565        0.0368225       0.0507814
566        0.0420891       0.0549424
567        0.0342715       0.0487803
568        0.0375308       0.0454161
569        0.044455       0.0605253
570        0.0504517       0.0624875
571        0.0517578       0.0685173
572        0.0324523       0.0428018
573        0.060725       0.0749236
574        0.0523509       0.0707427
575        0.0359149       0.0450496
576        0.0368902       0.0475131
577        0.0493577       0.0645289
578        0.0378168       0.0462004
579        0.0405494       0.0502749
580        0.0550644       0.0729102
581        0.0411958       0.0505446
582        0.0334088       0.0424765
583        0.0538529       0.0676577
584        0.0351557       0.0441484
585        0.0349902       0.042789
586        0.0241581       0.0383582
587        0.0291658       0.0389039
588        0.0391215       0.048121
589        0.0322901       0.0397165
590        0.0388003       0.0452056
591        0.0484987       0.0609308
592        0.0272324       0.0371276
593        0.0391461       0.0548027
594        0.0357427       0.0436063
595        0.0375354       0.0417385
596        0.043088       0.054269
597        0.0372779       0.0413541
598        0.0577932       0.0732116
599        0.0313441       0.0458018
600        0.0226115       0.0354895
601        0.0274612       0.0365493
602        0.0433107       0.0556261
603        0.0296606       0.0417418
604        0.0429883       0.0498185
605        0.0368472       0.0470869
606        0.0276767       0.0353268
607        0.0423485       0.0542271
608        0.0563348       0.0717499
609        0.0215772       0.0339766
610        0.0302268       0.0371277
611        0.0404438       0.0513634
612        0.0454351       0.0536008
613        0.0290569       0.0355222
614        0.031758       0.0351625
615        0.0390075       0.0498055
616        0.0442586       0.0544264
617        0.0242763       0.0341578
618        0.0573267       0.0732525
619        0.0386333       0.0496391
620        0.030601       0.0346776
621        0.0193325       0.034786
622        0.0366886       0.0460708
623        0.0508497       0.0577718
624        0.0228597       0.0355971
625        0.0417751       0.0519768
626        0.0554901       0.0709949
627        0.025784       0.0363072
628        0.0218923       0.0327111
629        0.0227176       0.034733
630        0.0383527       0.0487292
631        0.0375368       0.0443379
632        0.0331918       0.044084
633        0.0273243       0.0369343
634        0.0287934       0.042812
635        0.056378       0.0725758
636        0.0377545       0.0470537
637        0.0228682       0.0350505
638        0.0338891       0.0433939
639        0.0367296       0.0449454
640        0.0349487       0.0430092
641        0.0243787       0.0362227
642        0.0345925       0.0440435
643        0.0537268       0.0688686
644        0.0343893       0.0425523
645        0.0337693       0.0427155
646        0.0301867       0.037253
647        0.0211895       0.034791
648        0.0346861       0.043016
649        0.0357793       0.0450732
650        0.0245381       0.0348131
651        0.0366342       0.0494553
652        0.0353406       0.046684
653        0.0210048       0.0363023
654        0.0305687       0.0370157
655        0.0356511       0.0458351
656        0.031247       0.040112
657        0.0484689       0.0625399
658        0.0350037       0.0446662
659        0.0352033       0.0413698
660        0.0316217       0.0380142
661        0.0339353       0.0436587
662        0.0281387       0.0371857
663        0.0360918       0.049565
664        0.0222607       0.0334643
665        0.0372399       0.05051
666        0.0379262       0.0463194
667        0.0271045       0.0379808
668        0.0450808       0.058549
669        0.0227177       0.0364129
670        0.0291507       0.0358875
671        0.0366146       0.0487672
672        0.0371158       0.0448504
673        0.0356338       0.048189
674        0.0240716       0.0371503
675        0.0428214       0.0529983
676        0.0255626       0.0328474
677        0.0357622       0.0476276
678        0.0367118       0.0502919
679        0.0281956       0.0380509
680        0.0292003       0.0372394
681        0.0221501       0.0392279
682        0.0247832       0.0345351
683        0.0384926       0.0531006
684        0.0402569       0.0523912
685        0.0391503       0.0478065
686        0.0463931       0.0362073
687        0.0437552       0.0550952
688        0.0285236       0.0373584
689        0.0461527       0.0385023
690        0.0386764       0.0496697
691        0.0434561       0.058307
692        0.0275427       0.0399037
693        0.0251791       0.038669
694        0.0274723       0.039577
695        0.0353488       0.0505725
696        0.0465866       0.0613339
697        0.0295282       0.0419403
698        0.0286513       0.034084
699        0.0296764       0.0375024
700        0.0379079       0.0499396
701        0.0389829       0.066424
702        0.0355425       0.0447805
703        0.0375583       0.048044
704        0.0492804       0.0641079
705        0.0416251       0.0522904
706        0.0353175       0.0508572
707        0.0568443       0.0756892
708        0.0337034       0.0420754
709        0.0368703       0.0504242
710        0.0290195       0.0357771
711        0.0415672       0.054207
712        0.0403596       0.048131
713        0.0443727       0.0566718
714        0.0527508       0.0713903
715        0.0321714       0.0416272
716        0.023456       0.0325929
717        0.0296807       0.0427346
718        0.0420057       0.0563432
719        0.0525123       0.0755936
720        0.0416416       0.0520194
721        0.0318634       0.0474793
722        0.0497388       0.0662149
723        0.030206       0.0382969
724        0.0382611       0.0489769
725        0.0387008       0.047674
726        0.0485021       0.0675324
727        0.0509915       0.0701617
728        0.0402368       0.0496558
729        0.0461004       0.0591142
730        0.0362001       0.0404796
731        0.065199       0.0732918
732        0.034919       0.0462455
733        0.0457261       0.0615113
734        0.0489844       0.0664866
735        0.0417558       0.0589157
736        0.0245043       0.0318409
737        0.0472623       0.0613895
738        0.0599294       0.0810384
739        0.050734       0.062723
740        0.0360768       0.0424291
741        0.048559       0.0639364
742        0.0367762       0.0469487
743        0.0484909       0.0572863
744        0.0417518       0.0559088
745        0.045559       0.0576087
746        0.0433672       0.0581843
747        0.0487716       0.0592424
748        0.0590565       0.0757873
749        0.0507858       0.0605984
750        0.0472907       0.063012
751        0.0477146       0.0587301
752        0.0471162       0.0539123
753        0.0427577       0.0547639
754        0.0550721       0.0575656
755        0.0501488       0.0636841
756        0.046415       0.0514381
757        0.0620241       0.0809845
758        0.0450897       0.059057
759        0.0460677       0.0612178
760        0.0484517       0.0555738
761        0.0546021       0.065781
762        0.0515236       0.0685542
763        0.0560822       0.0752771
764        0.0336585       0.0364231
765        0.0541712       0.0708371
766        0.0404363       0.05579
767        0.0603776       0.0690375
768        0.0568119       0.0736037
769        0.0410114       0.0467192
770        0.0675013       0.0759363
771        0.049732       0.0626197
772        0.0620647       0.0805208
773        0.0349428       0.045641
774        0.049778       0.0580615
775        0.0646859       0.0850501
776        0.0459339       0.043339
777        0.0354445       0.0447196
778        0.036011       0.0460152
779        0.0279546       0.0333959
780        0.0287958       0.0385332
781        0.0350967       0.0408965
782        0.0407616       0.0360316
783        0.0273262       0.0398708
784        0.0347446       0.044259
785        0.0355084       0.0367881
786        0.0498436       0.0635164
787        0.0362586       0.0472016
788        0.0288971       0.0373648
789        0.0300952       0.0340247
790        0.0338214       0.0430425
791        0.0281256       0.0405795
792        0.0423881       0.0636708
793        0.0468453       0.058925
794        0.0236199       0.0342867
795        0.0359074       0.0454923
796        0.0310152       0.0368716
797        0.0413208       0.0589314
798        0.0252673       0.0353457
799        0.0369778       0.0531309
