   1.0000000e+00   3.0269800e-01   4.0299300e-01   0.0000000e+00
   2.0000000e+00   4.7071500e-01   6.1709800e-01   0.0000000e+00
   3.0000000e+00   5.0726200e-01   6.6550700e-01   0.0000000e+00
   4.0000000e+00   4.6990500e-01   6.0984400e-01   0.0000000e+00
   5.0000000e+00   4.0750100e-01   5.2221900e-01   0.0000000e+00
   6.0000000e+00   3.6213600e-01   4.6012900e-01   0.0000000e+00
   7.0000000e+00   3.2190200e-01   4.0361000e-01   0.0000000e+00
   8.0000000e+00   3.3787500e-01   4.1328200e-01   0.0000000e+00
   9.0000000e+00   3.5780600e-01   4.3805100e-01   0.0000000e+00
   1.0000000e+01   3.8091300e-01   4.7505900e-01   0.0000000e+00
   1.1000000e+01   3.8914500e-01   4.8314500e-01   0.0000000e+00
   1.2000000e+01   2.7224300e-01   3.7342400e-01   0.0000000e+00
   1.3000000e+01   2.6056500e-01   3.2440300e-01   0.0000000e+00
   1.4000000e+01   2.7799200e-01   3.6493600e-01   0.0000000e+00
   1.5000000e+01   2.8788100e-01   3.9588500e-01   0.0000000e+00
   1.6000000e+01   2.9626700e-01   3.8915800e-01   0.0000000e+00
   1.7000000e+01   3.0597500e-01   3.8639000e-01   0.0000000e+00
   1.8000000e+01   3.3266000e-01   4.3235500e-01   0.0000000e+00
   1.9000000e+01   3.0244600e-01   3.7328000e-01   0.0000000e+00
   2.0000000e+01   2.3584100e-01   3.5116800e-01   0.0000000e+00
   2.1000000e+01   2.4826600e-01   3.5389000e-01   0.0000000e+00
   2.2000000e+01   2.5760600e-01   3.6422500e-01   0.0000000e+00
   2.3000000e+01   2.5612500e-01   3.8049300e-01   0.0000000e+00
   2.4000000e+01   2.4712200e-01   3.6722900e-01   0.0000000e+00
   2.5000000e+01   2.4541000e-01   3.7360400e-01   0.0000000e+00
   2.6000000e+01   3.3511700e-01   4.2523400e-01   0.0000000e+00
   2.7000000e+01   2.2077700e-01   3.4032000e-01   0.0000000e+00
   2.8000000e+01   2.3624300e-01   3.4177500e-01   0.0000000e+00
   2.9000000e+01   2.7143200e-01   3.4297500e-01   0.0000000e+00
   3.0000000e+01   2.3930900e-01   3.5935600e-01   0.0000000e+00
   3.1000000e+01   2.3149500e-01   3.3700200e-01   0.0000000e+00
   3.2000000e+01   2.2534700e-01   3.4630500e-01   0.0000000e+00
   3.3000000e+01   2.1751000e-01   3.3851800e-01   0.0000000e+00
   3.4000000e+01   2.0907700e-01   3.1422100e-01   0.0000000e+00
   3.5000000e+01   2.1929600e-01   3.1832400e-01   0.0000000e+00
   3.6000000e+01   2.0984500e-01   3.0185100e-01   0.0000000e+00
   3.7000000e+01   2.4269300e-01   3.2796900e-01   0.0000000e+00
   3.8000000e+01   2.1042100e-01   3.2168500e-01   0.0000000e+00
   3.9000000e+01   2.1626000e-01   3.1337700e-01   0.0000000e+00
   4.0000000e+01   2.0203100e-01   3.1749200e-01   0.0000000e+00
   4.1000000e+01   1.9198800e-01   2.8941800e-01   0.0000000e+00
   4.2000000e+01   2.0324700e-01   2.8050800e-01   0.0000000e+00
   4.3000000e+01   2.3822200e-01   3.1309700e-01   0.0000000e+00
   4.4000000e+01   1.8976400e-01   2.8684300e-01   0.0000000e+00
   4.5000000e+01   1.9262500e-01   2.9339300e-01   0.0000000e+00
   4.6000000e+01   1.9568600e-01   3.0520300e-01   0.0000000e+00
   4.7000000e+01   2.2812500e-01   2.9622500e-01   0.0000000e+00
   4.8000000e+01   1.8222600e-01   2.7767400e-01   0.0000000e+00
   4.9000000e+01   1.8576200e-01   2.6540600e-01   0.0000000e+00
   5.0000000e+01   1.7410200e-01   2.6263100e-01   0.0000000e+00
   5.1000000e+01   1.7923900e-01   2.7171300e-01   0.0000000e+00
   5.2000000e+01   2.0552900e-01   2.7527800e-01   0.0000000e+00
   5.3000000e+01   2.0623500e-01   2.7928600e-01   0.0000000e+00
   5.4000000e+01   1.7713100e-01   2.6843000e-01   0.0000000e+00
   5.5000000e+01   1.7043400e-01   2.4867000e-01   0.0000000e+00
   5.6000000e+01   1.6822600e-01   2.4417100e-01   0.0000000e+00
   5.7000000e+01   1.6927800e-01   2.5597900e-01   0.0000000e+00
   5.8000000e+01   1.6898100e-01   2.6025900e-01   0.0000000e+00
   5.9000000e+01   1.7932400e-01   2.6113400e-01   0.0000000e+00
   6.0000000e+01   1.6655600e-01   2.5886800e-01   0.0000000e+00
   6.1000000e+01   1.5669400e-01   2.5282100e-01   0.0000000e+00
   6.2000000e+01   1.7774900e-01   2.3984800e-01   0.0000000e+00
   6.3000000e+01   1.8106300e-01   2.3978800e-01   0.0000000e+00
   6.4000000e+01   1.6043300e-01   2.4697900e-01   0.0000000e+00
   6.5000000e+01   1.6532500e-01   2.5199400e-01   0.0000000e+00
   6.6000000e+01   1.6214200e-01   2.5404900e-01   0.0000000e+00
   6.7000000e+01   2.1697200e-01   2.5065400e-01   0.0000000e+00
   6.8000000e+01   1.4921200e-01   2.4145900e-01   0.0000000e+00
   6.9000000e+01   1.9176600e-01   2.2069600e-01   0.0000000e+00
   7.0000000e+01   1.5095900e-01   2.3163800e-01   0.0000000e+00
   7.1000000e+01   1.5547000e-01   2.4035200e-01   0.0000000e+00
   7.2000000e+01   1.5643900e-01   2.4634000e-01   0.0000000e+00
   7.3000000e+01   1.4969300e-01   2.3772100e-01   0.0000000e+00
   7.4000000e+01   1.5954100e-01   2.3942700e-01   0.0000000e+00
   7.5000000e+01   1.5516700e-01   2.2281900e-01   0.0000000e+00
   7.6000000e+01   1.4809800e-01   2.1862200e-01   0.0000000e+00
   7.7000000e+01   1.6330100e-01   2.2969900e-01   0.0000000e+00
   7.8000000e+01   1.5139400e-01   2.3815700e-01   0.0000000e+00
   7.9000000e+01   1.6199600e-01   2.3455500e-01   0.0000000e+00
   8.0000000e+01   1.4833800e-01   2.3911800e-01   0.0000000e+00
   8.1000000e+01   2.0467200e-01   2.3802900e-01   0.0000000e+00
   8.2000000e+01   1.5079000e-01   2.2401200e-01   0.0000000e+00
   8.3000000e+01   1.5035400e-01   2.1575000e-01   0.0000000e+00
   8.4000000e+01   1.7682600e-01   2.2844300e-01   0.0000000e+00
   8.5000000e+01   1.4362600e-01   2.2855000e-01   0.0000000e+00
   8.6000000e+01   1.4499600e-01   2.3347400e-01   0.0000000e+00
   8.7000000e+01   1.4787800e-01   2.2743400e-01   0.0000000e+00
   8.8000000e+01   1.3728700e-01   2.2693000e-01   0.0000000e+00
   8.9000000e+01   1.3219700e-01   2.1309000e-01   0.0000000e+00
   9.0000000e+01   1.3889300e-01   2.1769800e-01   0.0000000e+00
   9.1000000e+01   1.5384300e-01   2.2190200e-01   0.0000000e+00
   9.2000000e+01   1.4178800e-01   2.2804400e-01   0.0000000e+00
   9.3000000e+01   1.4081800e-01   2.2869800e-01   0.0000000e+00
   9.4000000e+01   1.3635500e-01   2.2441500e-01   0.0000000e+00
   9.5000000e+01   1.3330300e-01   2.2024000e-01   0.0000000e+00
   9.6000000e+01   1.6626600e-01   2.1745300e-01   0.0000000e+00
   9.7000000e+01   1.3491700e-01   2.1500400e-01   0.0000000e+00
   9.8000000e+01   1.3836800e-01   2.2205900e-01   0.0000000e+00
   9.9000000e+01   1.4000200e-01   2.2772000e-01   0.0000000e+00
   1.0000000e+02   1.7103100e-01   2.2337100e-01   0.0000000e+00
   1.0100000e+02   1.3676100e-01   2.2653500e-01   0.0000000e+00
   1.0200000e+02   1.4557700e-01   2.2100800e-01   0.0000000e+00
   1.0300000e+02   1.2906300e-01   2.1489600e-01   0.0000000e+00
   1.0400000e+02   1.3304100e-01   2.1266600e-01   0.0000000e+00
   1.0500000e+02   1.6026700e-01   2.2254700e-01   0.0000000e+00
   1.0600000e+02   1.3294200e-01   2.1783600e-01   0.0000000e+00
   1.0700000e+02   1.3736700e-01   2.2791400e-01   0.0000000e+00
   1.0800000e+02   1.3585500e-01   2.2219100e-01   0.0000000e+00
   1.0900000e+02   1.3295600e-01   2.2491100e-01   0.0000000e+00
   1.1000000e+02   1.2668700e-01   2.1199800e-01   0.0000000e+00
   1.1100000e+02   1.3277800e-01   2.1556900e-01   0.0000000e+00
   1.1200000e+02   1.2926200e-01   2.1050500e-01   0.0000000e+00
   1.1300000e+02   1.3601400e-01   2.2564200e-01   0.0000000e+00
   1.1400000e+02   1.2819600e-01   2.1478900e-01   0.0000000e+00
   1.1500000e+02   1.3431400e-01   2.2723500e-01   0.0000000e+00
   1.1600000e+02   1.2161000e-01   2.0985500e-01   0.0000000e+00
   1.1700000e+02   1.2710700e-01   2.1757600e-01   0.0000000e+00
   1.1800000e+02   1.2478200e-01   2.0424500e-01   0.0000000e+00
   1.1900000e+02   1.3247700e-01   2.1919000e-01   0.0000000e+00
   1.2000000e+02   1.2656800e-01   2.1011000e-01   0.0000000e+00
   1.2100000e+02   1.3416000e-01   2.2418300e-01   0.0000000e+00
   1.2200000e+02   1.2105800e-01   2.0712500e-01   0.0000000e+00
   1.2300000e+02   1.3753100e-01   2.2259500e-01   0.0000000e+00
   1.2400000e+02   1.2025000e-01   2.0296800e-01   0.0000000e+00
   1.2500000e+02   1.3728600e-01   2.1046200e-01   0.0000000e+00
   1.2600000e+02   1.2457100e-01   2.0673300e-01   0.0000000e+00
   1.2700000e+02   1.3005500e-01   2.1860500e-01   0.0000000e+00
   1.2800000e+02   1.4216300e-01   2.0453200e-01   0.0000000e+00
   1.2900000e+02   1.2951500e-01   2.2189400e-01   0.0000000e+00
   1.3000000e+02   1.1731400e-01   1.9991400e-01   0.0000000e+00
   1.3100000e+02   1.5722900e-01   2.1435500e-01   0.0000000e+00
   1.3200000e+02   1.2106400e-01   2.0066800e-01   0.0000000e+00
   1.3300000e+02   1.2672300e-01   2.1218300e-01   0.0000000e+00
   1.3400000e+02   1.2175200e-01   2.0438700e-01   0.0000000e+00
   1.3500000e+02   1.2821700e-01   2.1891100e-01   0.0000000e+00
   1.3600000e+02   1.1534700e-01   1.9758700e-01   0.0000000e+00
   1.3700000e+02   1.2545100e-01   2.1741300e-01   0.0000000e+00
   1.3800000e+02   1.1601300e-01   1.9751700e-01   0.0000000e+00
   1.3900000e+02   1.2197700e-01   2.0518400e-01   0.0000000e+00
   1.4000000e+02   1.1888200e-01   2.0012500e-01   0.0000000e+00
   1.4100000e+02   1.2443000e-01   2.1115200e-01   0.0000000e+00
   1.4200000e+02   1.1568900e-01   2.0108400e-01   0.0000000e+00
   1.4300000e+02   1.2458300e-01   2.1497400e-01   0.0000000e+00
   1.4400000e+02   1.1076500e-01   1.9439300e-01   0.0000000e+00
   1.4500000e+02   1.2533500e-01   2.0848000e-01   0.0000000e+00
   1.4600000e+02   1.1445000e-01   1.9805600e-01   0.0000000e+00
   1.4700000e+02   1.2079600e-01   2.0400600e-01   0.0000000e+00
   1.4800000e+02   1.2552300e-01   2.0107000e-01   0.0000000e+00
   1.4900000e+02   1.2278600e-01   2.1096600e-01   0.0000000e+00
   1.5000000e+02   1.1598300e-01   1.9672400e-01   0.0000000e+00
   1.5100000e+02   1.2347800e-01   2.0868400e-01   0.0000000e+00
   1.5200000e+02   1.0987500e-01   1.9525100e-01   0.0000000e+00
   1.5300000e+02   1.2691700e-01   1.9631400e-01   0.0000000e+00
   1.5400000e+02   1.1010700e-01   1.9839800e-01   0.0000000e+00
   1.5500000e+02   1.2211500e-01   2.0155600e-01   0.0000000e+00
   1.5600000e+02   1.3609600e-01   1.9816700e-01   0.0000000e+00
   1.5700000e+02   1.1824400e-01   2.0453500e-01   0.0000000e+00
   1.5800000e+02   1.3696300e-01   1.9220000e-01   0.0000000e+00
   1.5900000e+02   1.1291800e-01   1.9701400e-01   0.0000000e+00
   1.6000000e+02   1.0969600e-01   1.9631800e-01   0.0000000e+00
   1.6100000e+02   1.1357700e-01   1.9244600e-01   0.0000000e+00
   1.6200000e+02   1.3013600e-01   1.9753100e-01   0.0000000e+00
   1.6300000e+02   1.1545900e-01   1.9854300e-01   0.0000000e+00
   1.6400000e+02   1.2998800e-01   1.9031200e-01   0.0000000e+00
   1.6500000e+02   1.1210900e-01   1.9466300e-01   0.0000000e+00
   1.6600000e+02   1.0936000e-01   1.9390000e-01   0.0000000e+00
   1.6700000e+02   1.0774900e-01   1.8600800e-01   0.0000000e+00
   1.6800000e+02   1.0852100e-01   1.9478900e-01   0.0000000e+00
   1.6900000e+02   1.0983800e-01   1.8741800e-01   0.0000000e+00
   1.7000000e+02   1.0803700e-01   1.8937300e-01   0.0000000e+00
   1.7100000e+02   1.0885200e-01   1.8780400e-01   0.0000000e+00
   1.7200000e+02   1.0856600e-01   1.9064600e-01   0.0000000e+00
   1.7300000e+02   1.2060800e-01   1.8477600e-01   0.0000000e+00
   1.7400000e+02   1.0788600e-01   1.9191300e-01   0.0000000e+00
   1.7500000e+02   1.0366000e-01   1.7553900e-01   0.0000000e+00
   1.7600000e+02   1.1079900e-01   1.8757900e-01   0.0000000e+00
   1.7700000e+02   1.1576300e-01   1.7729400e-01   0.0000000e+00
   1.7800000e+02   1.0718700e-01   1.8634700e-01   0.0000000e+00
   1.7900000e+02   1.1602200e-01   1.8227100e-01   0.0000000e+00
   1.8000000e+02   1.0678100e-01   1.8810600e-01   0.0000000e+00
   1.8100000e+02   1.1637300e-01   1.7604700e-01   0.0000000e+00
   1.8200000e+02   1.0279300e-01   1.8126500e-01   0.0000000e+00
   1.8300000e+02   1.1690100e-01   1.7338400e-01   0.0000000e+00
   1.8400000e+02   1.0256400e-01   1.7620700e-01   0.0000000e+00
   1.8500000e+02   1.1214800e-01   1.7920700e-01   0.0000000e+00
   1.8600000e+02   1.0313900e-01   1.7912800e-01   0.0000000e+00
   1.8700000e+02   1.1386800e-01   1.7435800e-01   0.0000000e+00
   1.8800000e+02   1.0022700e-01   1.7517500e-01   0.0000000e+00
   1.8900000e+02   1.1724800e-01   1.7346000e-01   0.0000000e+00
   1.9000000e+02   9.6950000e-02   1.7057400e-01   0.0000000e+00
   1.9100000e+02   1.0242100e-01   1.7643900e-01   0.0000000e+00
   1.9200000e+02   9.8083700e-02   1.6855400e-01   0.0000000e+00
   1.9300000e+02   9.8761200e-02   1.7120600e-01   0.0000000e+00
   1.9400000e+02   9.5965300e-02   1.6619400e-01   0.0000000e+00
   1.9500000e+02   1.0529600e-01   1.7240200e-01   0.0000000e+00
   1.9600000e+02   9.1839800e-02   1.6885700e-01   0.0000000e+00
   1.9700000e+02   9.7442800e-02   1.7348900e-01   0.0000000e+00
   1.9800000e+02   9.0725300e-02   1.5581000e-01   0.0000000e+00
   1.9900000e+02   9.3834900e-02   1.6340500e-01   0.0000000e+00
   2.0000000e+02   9.0733800e-02   1.6519300e-01   0.0000000e+00
   2.0100000e+02   9.5390900e-02   1.6571400e-01   0.0000000e+00
   2.0200000e+02   9.1366700e-02   1.6646400e-01   0.0000000e+00
   2.0300000e+02   1.2745400e-01   1.6493400e-01   0.0000000e+00
   2.0400000e+02   9.4735600e-02   1.5872800e-01   0.0000000e+00
   2.0500000e+02   8.8684500e-02   1.5933300e-01   0.0000000e+00
   2.0600000e+02   1.0401600e-01   1.6405800e-01   0.0000000e+00
   2.0700000e+02   9.0160900e-02   1.5469800e-01   0.0000000e+00
   2.0800000e+02   9.0087900e-02   1.6229700e-01   0.0000000e+00
   2.0900000e+02   1.0947000e-01   1.5358700e-01   0.0000000e+00
   2.1000000e+02   9.1623500e-02   1.5936500e-01   0.0000000e+00
   2.1100000e+02   1.0007400e-01   1.5866600e-01   0.0000000e+00
   2.1200000e+02   9.0756800e-02   1.5988200e-01   0.0000000e+00
   2.1300000e+02   9.0281600e-02   1.5005400e-01   0.0000000e+00
   2.1400000e+02   8.6656400e-02   1.5291800e-01   0.0000000e+00
   2.1500000e+02   8.9053900e-02   1.5433800e-01   0.0000000e+00
   2.1600000e+02   8.7205400e-02   1.5077900e-01   0.0000000e+00
   2.1700000e+02   9.2403100e-02   1.5590900e-01   0.0000000e+00
   2.1800000e+02   8.9922400e-02   1.4999400e-01   0.0000000e+00
   2.1900000e+02   8.4537800e-02   1.4973600e-01   0.0000000e+00
   2.2000000e+02   8.7034900e-02   1.4969100e-01   0.0000000e+00
   2.2100000e+02   8.6206300e-02   1.5373000e-01   0.0000000e+00
   2.2200000e+02   1.0899800e-01   1.4372000e-01   0.0000000e+00
   2.2300000e+02   8.3356700e-02   1.4770000e-01   0.0000000e+00
   2.2400000e+02   8.0401900e-02   1.4602500e-01   0.0000000e+00
   2.2500000e+02   8.3444500e-02   1.4497900e-01   0.0000000e+00
   2.2600000e+02   8.6171300e-02   1.4884300e-01   0.0000000e+00
   2.2700000e+02   8.2607600e-02   1.4428300e-01   0.0000000e+00
   2.2800000e+02   7.9739400e-02   1.4184900e-01   0.0000000e+00
   2.2900000e+02   7.7366700e-02   1.4123700e-01   0.0000000e+00
   2.3000000e+02   8.1914900e-02   1.4651900e-01   0.0000000e+00
   2.3100000e+02   7.7266700e-02   1.3680100e-01   0.0000000e+00
   2.3200000e+02   7.9954700e-02   1.4325200e-01   0.0000000e+00
   2.3300000e+02   7.6210400e-02   1.3847800e-01   0.0000000e+00
   2.3400000e+02   7.9798600e-02   1.3893500e-01   0.0000000e+00
   2.3500000e+02   7.7962500e-02   1.4179800e-01   0.0000000e+00
   2.3600000e+02   9.8244300e-02   1.3714900e-01   0.0000000e+00
   2.3700000e+02   9.6404100e-02   1.3548000e-01   0.0000000e+00
   2.3800000e+02   7.4013200e-02   1.3627300e-01   0.0000000e+00
   2.3900000e+02   7.8081700e-02   1.3980700e-01   0.0000000e+00
   2.4000000e+02   7.3492900e-02   1.2906200e-01   0.0000000e+00
   2.4100000e+02   7.4845100e-02   1.3274800e-01   0.0000000e+00
   2.4200000e+02   7.4142600e-02   1.3477700e-01   0.0000000e+00
   2.4300000e+02   1.0258600e-01   1.3260900e-01   0.0000000e+00
   2.4400000e+02   7.4323200e-02   1.3487600e-01   0.0000000e+00
   2.4500000e+02   7.3886600e-02   1.2923600e-01   0.0000000e+00
   2.4600000e+02   7.3726200e-02   1.3145100e-01   0.0000000e+00
   2.4700000e+02   7.1355600e-02   1.3093100e-01   0.0000000e+00
   2.4800000e+02   8.6846800e-02   1.3377000e-01   0.0000000e+00
   2.4900000e+02   7.0577800e-02   1.2270100e-01   0.0000000e+00
   2.5000000e+02   7.2088600e-02   1.2484100e-01   0.0000000e+00
   2.5100000e+02   8.4024900e-02   1.3068400e-01   0.0000000e+00
   2.5200000e+02   8.0304800e-02   1.2577500e-01   0.0000000e+00
   2.5300000e+02   9.6470100e-02   1.2721300e-01   0.0000000e+00
   2.5400000e+02   8.9288000e-02   1.2360300e-01   0.0000000e+00
   2.5500000e+02   8.5490200e-02   1.2770300e-01   0.0000000e+00
   2.5600000e+02   7.9849700e-02   1.2503500e-01   0.0000000e+00
   2.5700000e+02   9.5135700e-02   1.2382200e-01   0.0000000e+00
   2.5800000e+02   7.2485300e-02   1.2257700e-01   0.0000000e+00
   2.5900000e+02   6.8997400e-02   1.1946100e-01   0.0000000e+00
   2.6000000e+02   9.4304900e-02   1.2575700e-01   0.0000000e+00
   2.6100000e+02   6.7498300e-02   1.1731400e-01   0.0000000e+00
   2.6200000e+02   6.8481800e-02   1.2111700e-01   0.0000000e+00
   2.6300000e+02   7.7571900e-02   1.2236100e-01   0.0000000e+00
   2.6400000e+02   6.8462200e-02   1.2045700e-01   0.0000000e+00
   2.6500000e+02   1.0498500e-01   1.3104600e-01   0.0000000e+00
   2.6600000e+02   6.5878400e-02   1.1606300e-01   0.0000000e+00
   2.6700000e+02   6.7638000e-02   1.2143500e-01   0.0000000e+00
   2.6800000e+02   6.4953100e-02   1.1412000e-01   0.0000000e+00
   2.6900000e+02   6.6227400e-02   1.1876600e-01   0.0000000e+00
   2.7000000e+02   8.0370600e-02   1.1640500e-01   0.0000000e+00
   2.7100000e+02   7.1220800e-02   1.1548400e-01   0.0000000e+00
   2.7200000e+02   7.2322100e-02   1.1780600e-01   0.0000000e+00
   2.7300000e+02   6.3334500e-02   1.1124300e-01   0.0000000e+00
   2.7400000e+02   7.8237600e-02   1.1678600e-01   0.0000000e+00
   2.7500000e+02   6.8574500e-02   1.1561100e-01   0.0000000e+00
   2.7600000e+02   6.4668900e-02   1.1444800e-01   0.0000000e+00
   2.7700000e+02   7.0104400e-02   1.1358300e-01   0.0000000e+00
   2.7800000e+02   6.3698100e-02   1.1097100e-01   0.0000000e+00
   2.7900000e+02   6.4840200e-02   1.1691900e-01   0.0000000e+00
   2.8000000e+02   7.4431500e-02   1.0847500e-01   0.0000000e+00
   2.8100000e+02   6.4163200e-02   1.1371800e-01   0.0000000e+00
   2.8200000e+02   6.7260100e-02   1.1558600e-01   0.0000000e+00
   2.8300000e+02   6.3590300e-02   1.1202600e-01   0.0000000e+00
   2.8400000e+02   6.2015800e-02   1.1128800e-01   0.0000000e+00
   2.8500000e+02   7.2118500e-02   1.1155100e-01   0.0000000e+00
   2.8600000e+02   7.2190700e-02   1.1567900e-01   0.0000000e+00
   2.8700000e+02   7.2067500e-02   1.0716400e-01   0.0000000e+00
   2.8800000e+02   6.1939500e-02   1.0813800e-01   0.0000000e+00
   2.8900000e+02   6.3447600e-02   1.1500200e-01   0.0000000e+00
   2.9000000e+02   6.1620400e-02   1.0788600e-01   0.0000000e+00
   2.9100000e+02   6.1462400e-02   1.1087700e-01   0.0000000e+00
   2.9200000e+02   9.3783900e-02   1.1205600e-01   0.0000000e+00
   2.9300000e+02   6.3596200e-02   1.1339100e-01   0.0000000e+00
   2.9400000e+02   6.0057000e-02   1.0916900e-01   0.0000000e+00
   2.9500000e+02   6.2864400e-02   1.0840000e-01   0.0000000e+00
   2.9600000e+02   7.5665200e-02   1.1419300e-01   0.0000000e+00
   2.9700000e+02   6.9632100e-02   1.0559800e-01   0.0000000e+00
   2.9800000e+02   7.1387400e-02   1.0772400e-01   0.0000000e+00
   2.9900000e+02   7.0777600e-02   1.1325700e-01   0.0000000e+00
   3.0000000e+02   8.0821800e-02   1.0731500e-01   0.0000000e+00
   3.0100000e+02   6.0585300e-02   1.0962400e-01   0.0000000e+00
   3.0200000e+02   7.6763100e-02   1.1008900e-01   0.0000000e+00
   3.0300000e+02   7.1833600e-02   1.1195200e-01   0.0000000e+00
   3.0400000e+02   7.7307600e-02   1.0726900e-01   0.0000000e+00
   3.0500000e+02   8.3278000e-02   1.0622700e-01   0.0000000e+00
   3.0600000e+02   6.2187100e-02   1.1240100e-01   0.0000000e+00
   3.0700000e+02   7.6724700e-02   1.0370300e-01   0.0000000e+00
   3.0800000e+02   8.9979400e-02   1.1276500e-01   0.0000000e+00
   3.0900000e+02   6.0992400e-02   1.1110100e-01   0.0000000e+00
   3.1000000e+02   5.9729300e-02   1.0549100e-01   0.0000000e+00
   3.1100000e+02   5.9070100e-02   1.0663600e-01   0.0000000e+00
   3.1200000e+02   6.2161000e-02   1.0765200e-01   0.0000000e+00
   3.1300000e+02   9.5077300e-02   1.1720100e-01   0.0000000e+00
   3.1400000e+02   5.8873000e-02   1.0440000e-01   0.0000000e+00
   3.1500000e+02   7.3440500e-02   1.0402000e-01   0.0000000e+00
   3.1600000e+02   9.5408000e-02   1.1733100e-01   0.0000000e+00
   3.1700000e+02   5.5629100e-02   1.0140600e-01   0.0000000e+00
   3.1800000e+02   6.8219000e-02   1.0311500e-01   0.0000000e+00
   3.1900000e+02   5.9508600e-02   1.0831200e-01   0.0000000e+00
   3.2000000e+02   9.4984200e-02   1.1543600e-01   0.0000000e+00
   3.2100000e+02   7.3354500e-02   1.0365400e-01   0.0000000e+00
   3.2200000e+02   8.2888300e-02   1.0513800e-01   0.0000000e+00
   3.2300000e+02   9.8471700e-02   1.2109500e-01   0.0000000e+00
   3.2400000e+02   5.7919700e-02   1.0256700e-01   0.0000000e+00
   3.2500000e+02   6.6984600e-02   1.0153200e-01   0.0000000e+00
   3.2600000e+02   9.9099700e-02   1.2025900e-01   0.0000000e+00
   3.2700000e+02   5.4956000e-02   9.9963100e-02   0.0000000e+00
   3.2800000e+02   8.0689400e-02   1.0044200e-01   0.0000000e+00
   3.2900000e+02   7.8681500e-02   1.0432900e-01   0.0000000e+00
   3.3000000e+02   9.1225100e-02   1.1073300e-01   0.0000000e+00
   3.3100000e+02   5.6244300e-02   1.0056500e-01   0.0000000e+00
   3.3200000e+02   5.9726600e-02   1.0216200e-01   0.0000000e+00
   3.3300000e+02   7.6368000e-02   9.7419400e-02   0.0000000e+00
   3.3400000e+02   5.5453200e-02   9.9973700e-02   0.0000000e+00
   3.3500000e+02   5.4376800e-02   9.9256000e-02   0.0000000e+00
   3.3600000e+02   5.4920300e-02   9.8073500e-02   0.0000000e+00
   3.3700000e+02   5.4214500e-02   9.8340400e-02   0.0000000e+00
   3.3800000e+02   6.5150900e-02   9.6392500e-02   0.0000000e+00
   3.3900000e+02   6.9531300e-02   9.7404600e-02   0.0000000e+00
   3.4000000e+02   6.8401300e-02   9.5769800e-02   0.0000000e+00
   3.4100000e+02   6.5391800e-02   9.5346100e-02   0.0000000e+00
   3.4200000e+02   6.1438800e-02   9.6833700e-02   0.0000000e+00
   3.4300000e+02   7.0936300e-02   9.3235700e-02   0.0000000e+00
   3.4400000e+02   6.5793900e-02   9.5318100e-02   0.0000000e+00
   3.4500000e+02   5.8393100e-02   9.5954000e-02   0.0000000e+00
   3.4600000e+02   7.7092200e-02   9.2108200e-02   0.0000000e+00
   3.4700000e+02   6.4741800e-02   9.5397300e-02   0.0000000e+00
   3.4800000e+02   7.0934100e-02   9.5360800e-02   0.0000000e+00
   3.4900000e+02   5.0051100e-02   9.1663200e-02   0.0000000e+00
   3.5000000e+02   8.6144000e-02   9.6817900e-02   0.0000000e+00
   3.5100000e+02   8.5290900e-02   1.1117200e-01   0.0000000e+00
   3.5200000e+02   5.9075400e-02   9.2515300e-02   0.0000000e+00
   3.5300000e+02   8.4010400e-02   1.0287700e-01   0.0000000e+00
   3.5400000e+02   5.1657000e-02   9.4613700e-02   0.0000000e+00
   3.5500000e+02   5.0862700e-02   9.3507300e-02   0.0000000e+00
   3.5600000e+02   8.3619600e-02   1.0442900e-01   0.0000000e+00
   3.5700000e+02   5.4021100e-02   9.5587700e-02   0.0000000e+00
   3.5800000e+02   6.1519100e-02   9.4914000e-02   0.0000000e+00
   3.5900000e+02   9.0547300e-02   1.1442300e-01   0.0000000e+00
   3.6000000e+02   5.4049900e-02   9.5039100e-02   0.0000000e+00
   3.6100000e+02   9.0885400e-02   1.1015200e-01   0.0000000e+00
   3.6200000e+02   6.8031900e-02   9.4900100e-02   0.0000000e+00
   3.6300000e+02   6.0016500e-02   9.2981700e-02   0.0000000e+00
   3.6400000e+02   5.4954000e-02   9.5414600e-02   0.0000000e+00
   3.6500000e+02   9.2237500e-02   1.1692700e-01   0.0000000e+00
   3.6600000e+02   4.9285100e-02   9.0658000e-02   0.0000000e+00
   3.6700000e+02   5.7799300e-02   9.3855000e-02   0.0000000e+00
   3.6800000e+02   9.3332200e-02   1.1649200e-01   0.0000000e+00
   3.6900000e+02   7.2644500e-02   9.3140000e-02   0.0000000e+00
   3.7000000e+02   5.0849100e-02   9.2688000e-02   0.0000000e+00
   3.7100000e+02   8.6553200e-02   1.0490100e-01   0.0000000e+00
   3.7200000e+02   5.1469000e-02   9.4820000e-02   0.0000000e+00
   3.7300000e+02   6.3662600e-02   9.2168200e-02   0.0000000e+00
   3.7400000e+02   8.7463800e-02   1.0801500e-01   0.0000000e+00
   3.7500000e+02   7.0759000e-02   9.5344600e-02   0.0000000e+00
   3.7600000e+02   5.0730300e-02   9.2873100e-02   0.0000000e+00
   3.7700000e+02   8.3137000e-02   1.0207800e-01   0.0000000e+00
   3.7800000e+02   5.1673700e-02   9.5074500e-02   0.0000000e+00
   3.7900000e+02   8.2814500e-02   9.8478300e-02   0.0000000e+00
   3.8000000e+02   6.7737000e-02   8.9600700e-02   0.0000000e+00
   3.8100000e+02   5.0491900e-02   9.3368300e-02   0.0000000e+00
   3.8200000e+02   5.0682700e-02   9.3682800e-02   0.0000000e+00
   3.8300000e+02   4.9986300e-02   9.2102200e-02   0.0000000e+00
   3.8400000e+02   7.0080700e-02   9.1291800e-02   0.0000000e+00
   3.8500000e+02   5.1608800e-02   9.4168700e-02   0.0000000e+00
   3.8600000e+02   6.9920500e-02   9.2886600e-02   0.0000000e+00
   3.8700000e+02   5.9126600e-02   8.9506800e-02   0.0000000e+00
   3.8800000e+02   6.0653500e-02   9.2503900e-02   0.0000000e+00
   3.8900000e+02   5.4782300e-02   9.3225300e-02   0.0000000e+00
   3.9000000e+02   5.9549000e-02   8.9517600e-02   0.0000000e+00
   3.9100000e+02   5.6819400e-02   8.9713500e-02   0.0000000e+00
   3.9200000e+02   5.4392500e-02   9.2607600e-02   0.0000000e+00
   3.9300000e+02   5.6273100e-02   9.0745700e-02   0.0000000e+00
   3.9400000e+02   6.1916700e-02   8.8304700e-02   0.0000000e+00
   3.9500000e+02   6.3024700e-02   9.1989200e-02   0.0000000e+00
   3.9600000e+02   5.3600500e-02   9.2064500e-02   0.0000000e+00
   3.9700000e+02   7.4187300e-02   9.5859300e-02   0.0000000e+00
   3.9800000e+02   5.1649300e-02   8.9072100e-02   0.0000000e+00
   3.9900000e+02   4.9501600e-02   9.1183400e-02   0.0000000e+00
   4.0000000e+02   6.4048700e-02   9.0359100e-02   0.0000000e+00
   4.0100000e+02   5.0214700e-02   8.5255100e-02   0.0000000e+00
   4.0200000e+02   4.8770700e-02   9.0133000e-02   0.0000000e+00
   4.0300000e+02   4.8839100e-02   9.0340700e-02   0.0000000e+00
   4.0400000e+02   4.7547900e-02   8.7674900e-02   0.0000000e+00
   4.0500000e+02   7.2243900e-02   8.8924800e-02   0.0000000e+00
   4.0600000e+02   7.8520400e-02   9.5222500e-02   0.0000000e+00
   4.0700000e+02   4.8466300e-02   8.9279500e-02   0.0000000e+00
   4.0800000e+02   4.6695800e-02   8.5647400e-02   0.0000000e+00
   4.0900000e+02   4.8186000e-02   8.8705700e-02   0.0000000e+00
   4.1000000e+02   6.1595200e-02   8.9318200e-02   0.0000000e+00
   4.1100000e+02   4.7243500e-02   8.6730800e-02   0.0000000e+00
   4.1200000e+02   5.3089600e-02   8.4939200e-02   0.0000000e+00
   4.1300000e+02   5.2185000e-02   8.9062000e-02   0.0000000e+00
   4.1400000e+02   4.7713800e-02   8.8118800e-02   0.0000000e+00
   4.1500000e+02   4.5991400e-02   8.4743000e-02   0.0000000e+00
   4.1600000e+02   4.7366500e-02   8.7267400e-02   0.0000000e+00
   4.1700000e+02   4.8130000e-02   8.8706700e-02   0.0000000e+00
   4.1800000e+02   4.7031000e-02   8.6058100e-02   0.0000000e+00
   4.1900000e+02   5.7512500e-02   8.3206900e-02   0.0000000e+00
   4.2000000e+02   4.7276100e-02   8.6891400e-02   0.0000000e+00
   4.2100000e+02   6.8137200e-02   8.6438900e-02   0.0000000e+00
   4.2200000e+02   4.5812600e-02   8.3147600e-02   0.0000000e+00
   4.2300000e+02   4.6713200e-02   8.5178500e-02   0.0000000e+00
   4.2400000e+02   4.7430000e-02   8.7432800e-02   0.0000000e+00
   4.2500000e+02   4.6439800e-02   8.5645100e-02   0.0000000e+00
   4.2600000e+02   5.4230800e-02   8.1719600e-02   0.0000000e+00
   4.2700000e+02   4.6736000e-02   8.5964500e-02   0.0000000e+00
   4.2800000e+02   6.5644400e-02   8.6015200e-02   0.0000000e+00
   4.2900000e+02   4.5202200e-02   8.3207100e-02   0.0000000e+00
   4.3000000e+02   4.4956300e-02   8.2701900e-02   0.0000000e+00
   4.3100000e+02   5.9262900e-02   8.5430300e-02   0.0000000e+00
   4.3200000e+02   4.5749100e-02   8.4392000e-02   0.0000000e+00
   4.3300000e+02   4.3713700e-02   8.0654000e-02   0.0000000e+00
   4.3400000e+02   5.0412400e-02   8.4439000e-02   0.0000000e+00
   4.3500000e+02   4.6550700e-02   8.5739800e-02   0.0000000e+00
   4.3600000e+02   4.4994900e-02   8.2922900e-02   0.0000000e+00
   4.3700000e+02   6.7753000e-02   8.5829600e-02   0.0000000e+00
   4.3800000e+02   4.6372100e-02   8.4409500e-02   0.0000000e+00
   4.3900000e+02   4.5217700e-02   8.3216000e-02   0.0000000e+00
   4.4000000e+02   5.1183600e-02   7.9408500e-02   0.0000000e+00
   4.4100000e+02   4.4663200e-02   8.2187400e-02   0.0000000e+00
   4.4200000e+02   4.5757100e-02   8.4241400e-02   0.0000000e+00
   4.4300000e+02   4.4704200e-02   8.2487900e-02   0.0000000e+00
   4.4400000e+02   6.6598800e-02   8.2641800e-02   0.0000000e+00
   4.4500000e+02   4.5208600e-02   8.3049300e-02   0.0000000e+00
   4.4600000e+02   5.5446700e-02   8.3222300e-02   0.0000000e+00
   4.4700000e+02   4.4858100e-02   7.9855700e-02   0.0000000e+00
   4.4800000e+02   4.8584500e-02   8.0232000e-02   0.0000000e+00
   4.4900000e+02   5.4084500e-02   8.2265700e-02   0.0000000e+00
   4.5000000e+02   5.1431600e-02   8.1328100e-02   0.0000000e+00
   4.5100000e+02   5.8060100e-02   7.7881200e-02   0.0000000e+00
   4.5200000e+02   5.2454300e-02   8.1632300e-02   0.0000000e+00
   4.5300000e+02   4.4922700e-02   8.2613800e-02   0.0000000e+00
   4.5400000e+02   5.0022700e-02   7.9609700e-02   0.0000000e+00
   4.5500000e+02   4.2487400e-02   7.7877300e-02   0.0000000e+00
   4.5600000e+02   6.1446700e-02   8.0990000e-02   0.0000000e+00
   4.5700000e+02   6.0129200e-02   8.0044100e-02   0.0000000e+00
   4.5800000e+02   5.0478500e-02   7.7544000e-02   0.0000000e+00
   4.5900000e+02   4.6238900e-02   7.7941900e-02   0.0000000e+00
   4.6000000e+02   5.7159500e-02   8.1307100e-02   0.0000000e+00
   4.6100000e+02   6.0916700e-02   7.9913700e-02   0.0000000e+00
   4.6200000e+02   4.9884000e-02   7.6175200e-02   0.0000000e+00
   4.6300000e+02   5.7883000e-02   7.8164900e-02   0.0000000e+00
   4.6400000e+02   5.1010500e-02   8.0249300e-02   0.0000000e+00
   4.6500000e+02   4.5110800e-02   7.7011300e-02   0.0000000e+00
   4.6600000e+02   5.9142200e-02   7.4621500e-02   0.0000000e+00
   4.6700000e+02   4.5669100e-02   7.5751400e-02   0.0000000e+00
   4.6800000e+02   6.3104400e-02   7.9836200e-02   0.0000000e+00
   4.6900000e+02   5.6943900e-02   7.7974200e-02   0.0000000e+00
   4.7000000e+02   4.4393400e-02   7.1279300e-02   0.0000000e+00
   4.7100000e+02   6.0109600e-02   7.4844400e-02   0.0000000e+00
   4.7200000e+02   4.1607200e-02   7.6560300e-02   0.0000000e+00
   4.7300000e+02   5.1770100e-02   7.3469000e-02   0.0000000e+00
   4.7400000e+02   4.2906000e-02   6.9841300e-02   0.0000000e+00
   4.7500000e+02   3.6078700e-02   6.3332300e-02   0.0000000e+00
   4.7600000e+02   4.6309300e-02   7.1525100e-02   0.0000000e+00
   4.7700000e+02   3.9692400e-02   7.2984200e-02   0.0000000e+00
   4.7800000e+02   4.4403800e-02   6.7180100e-02   0.0000000e+00
   4.7900000e+02   4.0015700e-02   6.1946100e-02   0.0000000e+00
   4.8000000e+02   4.7002300e-02   6.0828100e-02   0.0000000e+00
   4.8100000e+02   5.2630800e-02   6.6914000e-02   0.0000000e+00
   4.8200000e+02   5.0285900e-02   6.5760300e-02   0.0000000e+00
   4.8300000e+02   4.8620800e-02   5.9831700e-02   0.0000000e+00
   4.8400000e+02   3.1962800e-02   5.5212200e-02   0.0000000e+00
   4.8500000e+02   4.4935900e-02   5.6994000e-02   0.0000000e+00
   4.8600000e+02   5.1796400e-02   6.1207500e-02   0.0000000e+00
   4.8700000e+02   6.4020000e-02   8.0773700e-02   0.0000000e+00
   4.8800000e+02   3.2686500e-02   5.5920000e-02   0.0000000e+00
   4.8900000e+02   3.7837300e-02   5.5029700e-02   0.0000000e+00
   4.9000000e+02   5.5713900e-02   6.1216400e-02   0.0000000e+00
   4.9100000e+02   4.6337600e-02   5.6736400e-02   0.0000000e+00
   4.9200000e+02   4.0390100e-02   5.4559600e-02   0.0000000e+00
   4.9300000e+02   4.1587900e-02   5.0243300e-02   0.0000000e+00
   4.9400000e+02   5.1622800e-02   6.6350900e-02   0.0000000e+00
   4.9500000e+02   4.6267800e-02   5.9390200e-02   0.0000000e+00
   4.9600000e+02   5.9997400e-02   7.5749500e-02   0.0000000e+00
   4.9700000e+02   3.5947900e-02   5.3122200e-02   0.0000000e+00
   4.9800000e+02   3.8994500e-02   5.5928300e-02   0.0000000e+00
   4.9900000e+02   4.2290700e-02   5.1637700e-02   0.0000000e+00
   5.0000000e+02   3.4697900e-02   5.1563400e-02   0.0000000e+00
   5.0100000e+02   4.0403100e-02   5.5474500e-02   0.0000000e+00
   5.0200000e+02   4.4273100e-02   5.7794700e-02   0.0000000e+00
   5.0300000e+02   4.5048600e-02   5.3286500e-02   0.0000000e+00
   5.0400000e+02   3.5353200e-02   5.4822600e-02   0.0000000e+00
   5.0500000e+02   3.9851900e-02   5.3321000e-02   0.0000000e+00
   5.0600000e+02   2.9308200e-02   4.9885500e-02   0.0000000e+00
   5.0700000e+02   6.3935000e-02   8.1357700e-02   0.0000000e+00
   5.0800000e+02   4.1069500e-02   5.3402100e-02   0.0000000e+00
   5.0900000e+02   4.1947800e-02   5.0752600e-02   0.0000000e+00
   5.1000000e+02   3.7320400e-02   5.1966300e-02   0.0000000e+00
   5.1100000e+02   2.9032500e-02   5.3405500e-02   0.0000000e+00
   5.1200000e+02   4.5362800e-02   5.8291000e-02   0.0000000e+00
   5.1300000e+02   2.6949800e-02   4.9466800e-02   0.0000000e+00
   5.1400000e+02   3.9611600e-02   5.3589600e-02   0.0000000e+00
   5.1500000e+02   6.1849200e-02   7.8402800e-02   0.0000000e+00
   5.1600000e+02   3.1423300e-02   4.8026200e-02   0.0000000e+00
   5.1700000e+02   4.2919500e-02   5.2917300e-02   0.0000000e+00
   5.1800000e+02   4.5489300e-02   5.5012200e-02   0.0000000e+00
   5.1900000e+02   4.4340100e-02   5.4716100e-02   0.0000000e+00
   5.2000000e+02   5.0648800e-02   6.1890800e-02   0.0000000e+00
   5.2100000e+02   4.0582900e-02   5.2410600e-02   0.0000000e+00
   5.2200000e+02   4.4558500e-02   5.5814500e-02   0.0000000e+00
   5.2300000e+02   4.3555500e-02   5.4118200e-02   0.0000000e+00
   5.2400000e+02   3.4808100e-02   5.1539500e-02   0.0000000e+00
   5.2500000e+02   3.5135600e-02   4.9999600e-02   0.0000000e+00
   5.2600000e+02   3.9929500e-02   5.2581300e-02   0.0000000e+00
   5.2700000e+02   4.7005800e-02   5.1486800e-02   0.0000000e+00
   5.2800000e+02   5.0947700e-02   5.0735000e-02   0.0000000e+00
   5.2900000e+02   5.6835600e-02   8.4411800e-02   0.0000000e+00
   5.3000000e+02   3.5407500e-02   4.9920500e-02   0.0000000e+00
   5.3100000e+02   3.2998100e-02   5.0421700e-02   0.0000000e+00
   5.3200000e+02   4.5368600e-02   5.1740300e-02   0.0000000e+00
   5.3300000e+02   4.8804400e-02   6.6235500e-02   0.0000000e+00
   5.3400000e+02   3.7091500e-02   4.9841000e-02   0.0000000e+00
   5.3500000e+02   4.5652300e-02   5.7454500e-02   0.0000000e+00
   5.3600000e+02   4.3132100e-02   5.2991700e-02   0.0000000e+00
   5.3700000e+02   4.7320400e-02   6.5992700e-02   0.0000000e+00
   5.3800000e+02   3.7937700e-02   4.8593600e-02   0.0000000e+00
   5.3900000e+02   4.2597600e-02   5.5445700e-02   0.0000000e+00
   5.4000000e+02   4.5500700e-02   6.3201200e-02   0.0000000e+00
   5.4100000e+02   4.3780800e-02   5.4974400e-02   0.0000000e+00
   5.4200000e+02   4.3292200e-02   5.4776000e-02   0.0000000e+00
   5.4300000e+02   6.2123900e-02   8.0708300e-02   0.0000000e+00
   5.4400000e+02   4.5214000e-02   5.7684200e-02   0.0000000e+00
   5.4500000e+02   4.0509100e-02   4.6501800e-02   0.0000000e+00
   5.4600000e+02   6.1812900e-02   7.8775200e-02   0.0000000e+00
   5.4700000e+02   4.6887400e-02   5.4735700e-02   0.0000000e+00
   5.4800000e+02   4.7733900e-02   6.3504800e-02   0.0000000e+00
   5.4900000e+02   4.5965900e-02   6.1140500e-02   0.0000000e+00
   5.5000000e+02   4.6317200e-02   5.6360500e-02   0.0000000e+00
   5.5100000e+02   4.8668000e-02   5.9938500e-02   0.0000000e+00
   5.5200000e+02   4.1545200e-02   5.4384900e-02   0.0000000e+00
   5.5300000e+02   5.7097000e-02   7.1648600e-02   0.0000000e+00
   5.5400000e+02   3.9770500e-02   5.2356100e-02   0.0000000e+00
   5.5500000e+02   3.7627000e-02   5.2653900e-02   0.0000000e+00
   5.5600000e+02   4.8048900e-02   6.3138600e-02   0.0000000e+00
   5.5700000e+02   5.7328100e-02   7.3032100e-02   0.0000000e+00
   5.5800000e+02   3.8581700e-02   5.0984700e-02   0.0000000e+00
   5.5900000e+02   3.6092700e-02   4.2370500e-02   0.0000000e+00
   5.6000000e+02   4.1586100e-02   5.4356000e-02   0.0000000e+00
   5.6100000e+02   4.1266700e-02   4.9592800e-02   0.0000000e+00
   5.6200000e+02   4.6820200e-02   6.0168700e-02   0.0000000e+00
   5.6300000e+02   4.6745400e-02   5.7529700e-02   0.0000000e+00
   5.6400000e+02   6.6951000e-02   8.6305400e-02   0.0000000e+00
   5.6500000e+02   3.6822500e-02   5.0781400e-02   0.0000000e+00
   5.6600000e+02   4.2089100e-02   5.4942400e-02   0.0000000e+00
   5.6700000e+02   3.4271500e-02   4.8780300e-02   0.0000000e+00
   5.6800000e+02   3.7530800e-02   4.5416100e-02   0.0000000e+00
   5.6900000e+02   4.4455000e-02   6.0525300e-02   0.0000000e+00
   5.7000000e+02   5.0451700e-02   6.2487500e-02   0.0000000e+00
   5.7100000e+02   5.1757800e-02   6.8517300e-02   0.0000000e+00
   5.7200000e+02   3.2452300e-02   4.2801800e-02   0.0000000e+00
   5.7300000e+02   6.0725000e-02   7.4923600e-02   0.0000000e+00
   5.7400000e+02   5.2350900e-02   7.0742700e-02   0.0000000e+00
   5.7500000e+02   3.5914900e-02   4.5049600e-02   0.0000000e+00
   5.7600000e+02   3.6890200e-02   4.7513100e-02   0.0000000e+00
   5.7700000e+02   4.9357700e-02   6.4528900e-02   0.0000000e+00
   5.7800000e+02   3.7816800e-02   4.6200400e-02   0.0000000e+00
   5.7900000e+02   4.0549400e-02   5.0274900e-02   0.0000000e+00
   5.8000000e+02   5.5064400e-02   7.2910200e-02   0.0000000e+00
   5.8100000e+02   4.1195800e-02   5.0544600e-02   0.0000000e+00
   5.8200000e+02   3.3408800e-02   4.2476500e-02   0.0000000e+00
   5.8300000e+02   5.3852900e-02   6.7657700e-02   0.0000000e+00
   5.8400000e+02   3.5155700e-02   4.4148400e-02   0.0000000e+00
   5.8500000e+02   3.4990200e-02   4.2789000e-02   0.0000000e+00
   5.8600000e+02   2.4158100e-02   3.8358200e-02   0.0000000e+00
   5.8700000e+02   2.9165800e-02   3.8903900e-02   0.0000000e+00
   5.8800000e+02   3.9121500e-02   4.8121000e-02   0.0000000e+00
   5.8900000e+02   3.2290100e-02   3.9716500e-02   0.0000000e+00
   5.9000000e+02   3.8800300e-02   4.5205600e-02   0.0000000e+00
   5.9100000e+02   4.8498700e-02   6.0930800e-02   0.0000000e+00
   5.9200000e+02   2.7232400e-02   3.7127600e-02   0.0000000e+00
   5.9300000e+02   3.9146100e-02   5.4802700e-02   0.0000000e+00
   5.9400000e+02   3.5742700e-02   4.3606300e-02   0.0000000e+00
   5.9500000e+02   3.7535400e-02   4.1738500e-02   0.0000000e+00
   5.9600000e+02   4.3088000e-02   5.4269000e-02   0.0000000e+00
   5.9700000e+02   3.7277900e-02   4.1354100e-02   0.0000000e+00
   5.9800000e+02   5.7793200e-02   7.3211600e-02   0.0000000e+00
   5.9900000e+02   3.1344100e-02   4.5801800e-02   0.0000000e+00
   6.0000000e+02   2.2611500e-02   3.5489500e-02   0.0000000e+00
   6.0100000e+02   2.7461200e-02   3.6549300e-02   0.0000000e+00
   6.0200000e+02   4.3310700e-02   5.5626100e-02   0.0000000e+00
   6.0300000e+02   2.9660600e-02   4.1741800e-02   0.0000000e+00
   6.0400000e+02   4.2988300e-02   4.9818500e-02   0.0000000e+00
   6.0500000e+02   3.6847200e-02   4.7086900e-02   0.0000000e+00
   6.0600000e+02   2.7676700e-02   3.5326800e-02   0.0000000e+00
   6.0700000e+02   4.2348500e-02   5.4227100e-02   0.0000000e+00
   6.0800000e+02   5.6334800e-02   7.1749900e-02   0.0000000e+00
   6.0900000e+02   2.1577200e-02   3.3976600e-02   0.0000000e+00
   6.1000000e+02   3.0226800e-02   3.7127700e-02   0.0000000e+00
   6.1100000e+02   4.0443800e-02   5.1363400e-02   0.0000000e+00
   6.1200000e+02   4.5435100e-02   5.3600800e-02   0.0000000e+00
   6.1300000e+02   2.9056900e-02   3.5522200e-02   0.0000000e+00
   6.1400000e+02   3.1758000e-02   3.5162500e-02   0.0000000e+00
   6.1500000e+02   3.9007500e-02   4.9805500e-02   0.0000000e+00
   6.1600000e+02   4.4258600e-02   5.4426400e-02   0.0000000e+00
   6.1700000e+02   2.4276300e-02   3.4157800e-02   0.0000000e+00
   6.1800000e+02   5.7326700e-02   7.3252500e-02   0.0000000e+00
   6.1900000e+02   3.8633300e-02   4.9639100e-02   0.0000000e+00
   6.2000000e+02   3.0601000e-02   3.4677600e-02   0.0000000e+00
   6.2100000e+02   1.9332500e-02   3.4786000e-02   0.0000000e+00
   6.2200000e+02   3.6688600e-02   4.6070800e-02   0.0000000e+00
   6.2300000e+02   5.0849700e-02   5.7771800e-02   0.0000000e+00
   6.2400000e+02   2.2859700e-02   3.5597100e-02   0.0000000e+00
   6.2500000e+02   4.1775100e-02   5.1976800e-02   0.0000000e+00
   6.2600000e+02   5.5490100e-02   7.0994900e-02   0.0000000e+00
   6.2700000e+02   2.5784000e-02   3.6307200e-02   0.0000000e+00
   6.2800000e+02   2.1892300e-02   3.2711100e-02   0.0000000e+00
   6.2900000e+02   2.2717600e-02   3.4733000e-02   0.0000000e+00
   6.3000000e+02   3.8352700e-02   4.8729200e-02   0.0000000e+00
   6.3100000e+02   3.7536800e-02   4.4337900e-02   0.0000000e+00
   6.3200000e+02   3.3191800e-02   4.4084000e-02   0.0000000e+00
   6.3300000e+02   2.7324300e-02   3.6934300e-02   0.0000000e+00
   6.3400000e+02   2.8793400e-02   4.2812000e-02   0.0000000e+00
   6.3500000e+02   5.6378000e-02   7.2575800e-02   0.0000000e+00
   6.3600000e+02   3.7754500e-02   4.7053700e-02   0.0000000e+00
   6.3700000e+02   2.2868200e-02   3.5050500e-02   0.0000000e+00
   6.3800000e+02   3.3889100e-02   4.3393900e-02   0.0000000e+00
   6.3900000e+02   3.6729600e-02   4.4945400e-02   0.0000000e+00
   6.4000000e+02   3.4948700e-02   4.3009200e-02   0.0000000e+00
   6.4100000e+02   2.4378700e-02   3.6222700e-02   0.0000000e+00
   6.4200000e+02   3.4592500e-02   4.4043500e-02   0.0000000e+00
   6.4300000e+02   5.3726800e-02   6.8868600e-02   0.0000000e+00
   6.4400000e+02   3.4389300e-02   4.2552300e-02   0.0000000e+00
   6.4500000e+02   3.3769300e-02   4.2715500e-02   0.0000000e+00
   6.4600000e+02   3.0186700e-02   3.7253000e-02   0.0000000e+00
   6.4700000e+02   2.1189500e-02   3.4791000e-02   0.0000000e+00
   6.4800000e+02   3.4686100e-02   4.3016000e-02   0.0000000e+00
   6.4900000e+02   3.5779300e-02   4.5073200e-02   0.0000000e+00
   6.5000000e+02   2.4538100e-02   3.4813100e-02   0.0000000e+00
   6.5100000e+02   3.6634200e-02   4.9455300e-02   0.0000000e+00
   6.5200000e+02   3.5340600e-02   4.6684000e-02   0.0000000e+00
   6.5300000e+02   2.1004800e-02   3.6302300e-02   0.0000000e+00
   6.5400000e+02   3.0568700e-02   3.7015700e-02   0.0000000e+00
   6.5500000e+02   3.5651100e-02   4.5835100e-02   0.0000000e+00
   6.5600000e+02   3.1247000e-02   4.0112000e-02   0.0000000e+00
   6.5700000e+02   4.8468900e-02   6.2539900e-02   0.0000000e+00
   6.5800000e+02   3.5003700e-02   4.4666200e-02   0.0000000e+00
   6.5900000e+02   3.5203300e-02   4.1369800e-02   0.0000000e+00
   6.6000000e+02   3.1621700e-02   3.8014200e-02   0.0000000e+00
   6.6100000e+02   3.3935300e-02   4.3658700e-02   0.0000000e+00
   6.6200000e+02   2.8138700e-02   3.7185700e-02   0.0000000e+00
   6.6300000e+02   3.6091800e-02   4.9565000e-02   0.0000000e+00
   6.6400000e+02   2.2260700e-02   3.3464300e-02   0.0000000e+00
   6.6500000e+02   3.7239900e-02   5.0510000e-02   0.0000000e+00
   6.6600000e+02   3.7926200e-02   4.6319400e-02   0.0000000e+00
   6.6700000e+02   2.7104500e-02   3.7980800e-02   0.0000000e+00
   6.6800000e+02   4.5080800e-02   5.8549000e-02   0.0000000e+00
   6.6900000e+02   2.2717700e-02   3.6412900e-02   0.0000000e+00
   6.7000000e+02   2.9150700e-02   3.5887500e-02   0.0000000e+00
   6.7100000e+02   3.6614600e-02   4.8767200e-02   0.0000000e+00
   6.7200000e+02   3.7115800e-02   4.4850400e-02   0.0000000e+00
   6.7300000e+02   3.5633800e-02   4.8189000e-02   0.0000000e+00
   6.7400000e+02   2.4071600e-02   3.7150300e-02   0.0000000e+00
   6.7500000e+02   4.2821400e-02   5.2998300e-02   0.0000000e+00
   6.7600000e+02   2.5562600e-02   3.2847400e-02   0.0000000e+00
   6.7700000e+02   3.5762200e-02   4.7627600e-02   0.0000000e+00
   6.7800000e+02   3.6711800e-02   5.0291900e-02   0.0000000e+00
   6.7900000e+02   2.8195600e-02   3.8050900e-02   0.0000000e+00
   6.8000000e+02   2.9200300e-02   3.7239400e-02   0.0000000e+00
   6.8100000e+02   2.2150100e-02   3.9227900e-02   0.0000000e+00
   6.8200000e+02   2.4783200e-02   3.4535100e-02   0.0000000e+00
   6.8300000e+02   3.8492600e-02   5.3100600e-02   0.0000000e+00
   6.8400000e+02   4.0256900e-02   5.2391200e-02   0.0000000e+00
   6.8500000e+02   3.9150300e-02   4.7806500e-02   0.0000000e+00
   6.8600000e+02   4.6393100e-02   3.6207300e-02   0.0000000e+00
   6.8700000e+02   4.3755200e-02   5.5095200e-02   0.0000000e+00
   6.8800000e+02   2.8523600e-02   3.7358400e-02   0.0000000e+00
   6.8900000e+02   4.6152700e-02   3.8502300e-02   0.0000000e+00
   6.9000000e+02   3.8676400e-02   4.9669700e-02   0.0000000e+00
   6.9100000e+02   4.3456100e-02   5.8307000e-02   0.0000000e+00
   6.9200000e+02   2.7542700e-02   3.9903700e-02   0.0000000e+00
   6.9300000e+02   2.5179100e-02   3.8669000e-02   0.0000000e+00
   6.9400000e+02   2.7472300e-02   3.9577000e-02   0.0000000e+00
   6.9500000e+02   3.5348800e-02   5.0572500e-02   0.0000000e+00
   6.9600000e+02   4.6586600e-02   6.1333900e-02   0.0000000e+00
   6.9700000e+02   2.9528200e-02   4.1940300e-02   0.0000000e+00
   6.9800000e+02   2.8651300e-02   3.4084000e-02   0.0000000e+00
   6.9900000e+02   2.9676400e-02   3.7502400e-02   0.0000000e+00
   7.0000000e+02   3.7907900e-02   4.9939600e-02   0.0000000e+00
   7.0100000e+02   3.8982900e-02   6.6424000e-02   0.0000000e+00
   7.0200000e+02   3.5542500e-02   4.4780500e-02   0.0000000e+00
   7.0300000e+02   3.7558300e-02   4.8044000e-02   0.0000000e+00
   7.0400000e+02   4.9280400e-02   6.4107900e-02   0.0000000e+00
   7.0500000e+02   4.1625100e-02   5.2290400e-02   0.0000000e+00
   7.0600000e+02   3.5317500e-02   5.0857200e-02   0.0000000e+00
   7.0700000e+02   5.6844300e-02   7.5689200e-02   0.0000000e+00
   7.0800000e+02   3.3703400e-02   4.2075400e-02   0.0000000e+00
   7.0900000e+02   3.6870300e-02   5.0424200e-02   0.0000000e+00
   7.1000000e+02   2.9019500e-02   3.5777100e-02   0.0000000e+00
   7.1100000e+02   4.1567200e-02   5.4207000e-02   0.0000000e+00
   7.1200000e+02   4.0359600e-02   4.8131000e-02   0.0000000e+00
   7.1300000e+02   4.4372700e-02   5.6671800e-02   0.0000000e+00
   7.1400000e+02   5.2750800e-02   7.1390300e-02   0.0000000e+00
   7.1500000e+02   3.2171400e-02   4.1627200e-02   0.0000000e+00
   7.1600000e+02   2.3456000e-02   3.2592900e-02   0.0000000e+00
   7.1700000e+02   2.9680700e-02   4.2734600e-02   0.0000000e+00
   7.1800000e+02   4.2005700e-02   5.6343200e-02   0.0000000e+00
   7.1900000e+02   5.2512300e-02   7.5593600e-02   0.0000000e+00
   7.2000000e+02   4.1641600e-02   5.2019400e-02   0.0000000e+00
   7.2100000e+02   3.1863400e-02   4.7479300e-02   0.0000000e+00
   7.2200000e+02   4.9738800e-02   6.6214900e-02   0.0000000e+00
   7.2300000e+02   3.0206000e-02   3.8296900e-02   0.0000000e+00
   7.2400000e+02   3.8261100e-02   4.8976900e-02   0.0000000e+00
   7.2500000e+02   3.8700800e-02   4.7674000e-02   0.0000000e+00
   7.2600000e+02   4.8502100e-02   6.7532400e-02   0.0000000e+00
   7.2700000e+02   5.0991500e-02   7.0161700e-02   0.0000000e+00
   7.2800000e+02   4.0236800e-02   4.9655800e-02   0.0000000e+00
   7.2900000e+02   4.6100400e-02   5.9114200e-02   0.0000000e+00
   7.3000000e+02   3.6200100e-02   4.0479600e-02   0.0000000e+00
   7.3100000e+02   6.5199000e-02   7.3291800e-02   0.0000000e+00
   7.3200000e+02   3.4919000e-02   4.6245500e-02   0.0000000e+00
   7.3300000e+02   4.5726100e-02   6.1511300e-02   0.0000000e+00
   7.3400000e+02   4.8984400e-02   6.6486600e-02   0.0000000e+00
   7.3500000e+02   4.1755800e-02   5.8915700e-02   0.0000000e+00
   7.3600000e+02   2.4504300e-02   3.1840900e-02   0.0000000e+00
   7.3700000e+02   4.7262300e-02   6.1389500e-02   0.0000000e+00
   7.3800000e+02   5.9929400e-02   8.1038400e-02   0.0000000e+00
   7.3900000e+02   5.0734000e-02   6.2723000e-02   0.0000000e+00
   7.4000000e+02   3.6076800e-02   4.2429100e-02   0.0000000e+00
   7.4100000e+02   4.8559000e-02   6.3936400e-02   0.0000000e+00
   7.4200000e+02   3.6776200e-02   4.6948700e-02   0.0000000e+00
   7.4300000e+02   4.8490900e-02   5.7286300e-02   0.0000000e+00
   7.4400000e+02   4.1751800e-02   5.5908800e-02   0.0000000e+00
   7.4500000e+02   4.5559000e-02   5.7608700e-02   0.0000000e+00
   7.4600000e+02   4.3367200e-02   5.8184300e-02   0.0000000e+00
   7.4700000e+02   4.8771600e-02   5.9242400e-02   0.0000000e+00
   7.4800000e+02   5.9056500e-02   7.5787300e-02   0.0000000e+00
   7.4900000e+02   5.0785800e-02   6.0598400e-02   0.0000000e+00
   7.5000000e+02   4.7290700e-02   6.3012000e-02   0.0000000e+00
   7.5100000e+02   4.7714600e-02   5.8730100e-02   0.0000000e+00
   7.5200000e+02   4.7116200e-02   5.3912300e-02   0.0000000e+00
   7.5300000e+02   4.2757700e-02   5.4763900e-02   0.0000000e+00
   7.5400000e+02   5.5072100e-02   5.7565600e-02   0.0000000e+00
   7.5500000e+02   5.0148800e-02   6.3684100e-02   0.0000000e+00
   7.5600000e+02   4.6415000e-02   5.1438100e-02   0.0000000e+00
   7.5700000e+02   6.2024100e-02   8.0984500e-02   0.0000000e+00
   7.5800000e+02   4.5089700e-02   5.9057000e-02   0.0000000e+00
   7.5900000e+02   4.6067700e-02   6.1217800e-02   0.0000000e+00
   7.6000000e+02   4.8451700e-02   5.5573800e-02   0.0000000e+00
   7.6100000e+02   5.4602100e-02   6.5781000e-02   0.0000000e+00
   7.6200000e+02   5.1523600e-02   6.8554200e-02   0.0000000e+00
   7.6300000e+02   5.6082200e-02   7.5277100e-02   0.0000000e+00
   7.6400000e+02   3.3658500e-02   3.6423100e-02   0.0000000e+00
   7.6500000e+02   5.4171200e-02   7.0837100e-02   0.0000000e+00
   7.6600000e+02   4.0436300e-02   5.5790000e-02   0.0000000e+00
   7.6700000e+02   6.0377600e-02   6.9037500e-02   0.0000000e+00
   7.6800000e+02   5.6811900e-02   7.3603700e-02   0.0000000e+00
   7.6900000e+02   4.1011400e-02   4.6719200e-02   0.0000000e+00
   7.7000000e+02   6.7501300e-02   7.5936300e-02   0.0000000e+00
   7.7100000e+02   4.9732000e-02   6.2619700e-02   0.0000000e+00
   7.7200000e+02   6.2064700e-02   8.0520800e-02   0.0000000e+00
   7.7300000e+02   3.4942800e-02   4.5641000e-02   0.0000000e+00
   7.7400000e+02   4.9778000e-02   5.8061500e-02   0.0000000e+00
   7.7500000e+02   6.4685900e-02   8.5050100e-02   0.0000000e+00
   7.7600000e+02   4.5933900e-02   4.3339000e-02   0.0000000e+00
   7.7700000e+02   3.5444500e-02   4.4719600e-02   0.0000000e+00
   7.7800000e+02   3.6011000e-02   4.6015200e-02   0.0000000e+00
   7.7900000e+02   2.7954600e-02   3.3395900e-02   0.0000000e+00
   7.8000000e+02   2.8795800e-02   3.8533200e-02   0.0000000e+00
   7.8100000e+02   3.5096700e-02   4.0896500e-02   0.0000000e+00
   7.8200000e+02   4.0761600e-02   3.6031600e-02   0.0000000e+00
   7.8300000e+02   2.7326200e-02   3.9870800e-02   0.0000000e+00
   7.8400000e+02   3.4744600e-02   4.4259000e-02   0.0000000e+00
   7.8500000e+02   3.5508400e-02   3.6788100e-02   0.0000000e+00
   7.8600000e+02   4.9843600e-02   6.3516400e-02   0.0000000e+00
   7.8700000e+02   3.6258600e-02   4.7201600e-02   0.0000000e+00
   7.8800000e+02   2.8897100e-02   3.7364800e-02   0.0000000e+00
   7.8900000e+02   3.0095200e-02   3.4024700e-02   0.0000000e+00
   7.9000000e+02   3.3821400e-02   4.3042500e-02   0.0000000e+00
   7.9100000e+02   2.8125600e-02   4.0579500e-02   0.0000000e+00
   7.9200000e+02   4.2388100e-02   6.3670800e-02   0.0000000e+00
   7.9300000e+02   4.6845300e-02   5.8925000e-02   0.0000000e+00
   7.9400000e+02   2.3619900e-02   3.4286700e-02   0.0000000e+00
   7.9500000e+02   3.5907400e-02   4.5492300e-02   0.0000000e+00
   7.9600000e+02   3.1015200e-02   3.6871600e-02   0.0000000e+00
   7.9700000e+02   4.1320800e-02   5.8931400e-02   0.0000000e+00
   7.9800000e+02   2.5267300e-02   3.5345700e-02   0.0000000e+00
   7.9900000e+02   3.6977800e-02   5.3130900e-02   0.0000000e+00
