-5.44  -0.361  -0.0800
 -4.15  -0.255  -0.0800
 -2.90  -0.140  -0.0800
 -1.98  -0.062  -0.0800
 -1.08   0.021  -0.0800
  0.12   0.140  -0.0800
  0.95   0.225  -0.0800
  2.16   0.329  -0.0800
  3.18   0.449  -0.0800
  4.03   0.552  -0.0800
  5.24   0.697  -0.0800
  6.34   0.863  -0.0800
  7.17   0.961  -0.0800
  8.34   1.037  -0.0800
  9.23   1.082  -0.0800
 10.40   1.086  -0.0800
 11.23   1.032  -0.0800
 12.37   1.028  -0.0800
 13.18   0.928  -0.0800
 14.28   0.834  -0.0800
 15.09   0.843  -0.0800
 16.23   0.878  -0.0800
 17.40   0.990  -0.0800
 18.28   1.078  -0.0800
 19.18   0.998  -0.0800
 17.75   0.989  -0.0800
 16.86   0.926  -0.0800
 15.79   0.877  -0.0800
 14.75   0.877  -0.0800
 13.89   0.854  -0.0800
 12.87   0.904  -0.0800
 11.88   1.083  -0.0800
 10.86   1.124  -0.0800
 10.03   1.103  -0.0800
  9.01   1.058  -0.0800
  7.94   1.003  -0.0800
  6.97   0.960  -0.0800
  5.96   0.827  -0.0800
  4.90   0.710  -0.0800
  3.87   0.562  -0.0800
  2.85   0.452  -0.0800
  1.77   0.348  -0.0800
  0.78   0.267  -0.0800
 -0.27   0.161  -0.0800
 -1.42   0.040  -0.0800
 -2.28  -0.040  -0.0800
 -3.43  -0.143  -0.0800
 -4.43  -0.244  -0.0800
 -5.36  -0.335  -0.0800