0.386505	0.455235
0.396677	0.454035
0.406423	0.449578
0.415735	0.418165
0.424601	0.341771
0.433013	0.215332
0.440961	0.0433776
0.448436	-0.157923
0.455432	-0.36953
0.46194	-0.568047
0.467953	-0.737096
0.473465	-0.856354
0.47847	-0.897514
0.482963	-0.856348
0.486938	-0.746559
0.490393	-0.568269
0.493322	-0.334177
0.495722	-0.076096
0.497592	0.172177
0.498929	0.374721
0.499732	0.500717
0.5	0.525198
0.499732	0.441697
0.498929	0.271188
0.497592	0.0431422
0.495722	-0.215774
0.493322	-0.470926
0.490393	-0.690321
0.486938	-0.846849
0.482963	-0.934463
0.47847	-0.949072
0.473465	-0.882168
0.467953	-0.747346
0.46194	-0.566486
0.455432	-0.359253
0.448436	-0.144764
0.440961	0.0552569
0.433013	0.222961
0.424601	0.343197
0.415735	0.412471
0.406423	0.437273
0.396677	0.43915
0.386505	0.440899
0.37592	0.443682
0.364932	0.443563
0.353553	0.43522
0.341796	0.391014
0.329673	0.276153
0.317197	0.0957649
0.304381	-0.113837
0.291239	-0.32583
0.277785	-0.531431
0.264034	-0.727284
0.25	-0.910823
0.235698	-1.08346
0.221144	-1.24839
0.206354	-1.40593
0.191342	-1.55452
0.176125	-1.69352
0.16072	-1.82279
0.145142	-1.9424
0.12941	-2.05238
0.113538	-2.15259
0.0975452	-2.24297
0.0814477	-2.32347
0.0652631	-2.39387
0.0490086	-2.45423
0.0327016	-2.5069
0.0163595	-2.55368
3.88822e-15	-2.58898
-0.0163595	-2.60669
-0.0327016	-2.61069
-0.0490086	-2.6071
-0.0652631	-2.59681
-0.0814477	-2.57875
-0.0975452	-2.55205
-0.113538	-2.51641
-0.12941	-2.47216
-0.145142	-2.41968
-0.16072	-2.35926
-0.176125	-2.29126
-0.191342	-2.2161
-0.206354	-2.13419
-0.221144	-2.04597
-0.235698	-1.95192
-0.25	-1.85251
-0.264034	-1.74826
-0.277785	-1.63974
-0.291239	-1.5275
-0.304381	-1.41204
-0.317197	-1.29393
-0.329673	-1.17346
-0.341796	-1.05047
-0.353553	-0.925945
-0.364932	-0.802337
-0.37592	-0.679709
-0.386505	-0.557387
-0.396677	-0.43613
-0.406423	-0.316465
-0.415735	-0.199129
-0.424601	-0.0846979
-0.433013	0.0262972
-0.440961	0.133365
-0.448436	0.236028
-0.455432	0.333829
-0.46194	0.426332
-0.467953	0.513125
-0.473465	0.593819
-0.47847	0.668056
-0.482963	0.735512
-0.486938	0.795885
-0.490393	0.848885
-0.493322	0.894334
-0.495722	0.932083
-0.497592	0.961594
-0.498929	0.982724
-0.499732	0.996235
-0.5	1.00177
-0.46194	0.45214
-0.467953	0.536862
-0.473465	0.615466
-0.47847	0.687591
-0.482963	0.752917
-0.486938	0.811145
-0.490393	0.861991
-0.493322	0.905264
-0.495722	0.940797
-0.497592	0.968161
-0.498929	0.987237
-0.499732	0.998538
-0.5	1.00177
-0.46194	0.45214
-0.455432	0.361674
-0.448436	0.265865
-0.440961	0.165161
-0.433013	0.0600272
-0.424601	-0.0490605
-0.415735	-0.161616
-0.406423	-0.277117
-0.396677	-0.394979
-0.386505	-0.514499
-0.37592	-0.635067
-0.364932	-0.756102
-0.353553	-0.878068
-0.341796	-1.00078
-0.329673	-1.12224
-0.317197	-1.24131
-0.304381	-1.35797
-0.291239	-1.47202
-0.277785	-1.58291
-0.264034	-1.69012
-0.25	-1.79312
-0.235698	-1.89134
-0.221144	-1.98426
-0.206354	-2.0714
-0.191342	-2.1523
-0.176125	-2.22651
-0.16072	-2.29362
-0.145142	-2.35322
-0.12941	-2.40493
-0.113538	-2.44847
-0.0975452	-2.48348
-0.0814477	-2.5096
-0.0652631	-2.52719
-0.0490086	-2.53707
-0.0327016	-2.54034
-0.0163595	-2.53594
3.94945e-15	-2.51761
0.0163595	-2.48191
0.0327016	-2.43526
0.0490086	-2.38285
0.0652631	-2.32258
0.0814477	-2.25227
0.0975452	-2.17193
0.113538	-2.08181
0.12941	-1.98193
0.145142	-1.87236
0.16072	-1.75323
0.176125	-1.62453
0.191342	-1.48617
0.206354	-1.33835
0.221144	-1.18174
0.235698	-1.01803
0.25	-0.846443
0.264034	-0.663678
0.277785	-0.469071
0.291239	-0.26526
0.304381	-0.0561351
0.317197	0.147693
0.329673	0.316815
0.341796	0.417644
0.353553	0.452802
0.364932	0.458336
0.37592	0.457769
0.386505	0.455235
)
