D Time (seconds)	Pitot Pressure (PSIG)	Plenum Pressure (PSIG)	Tank Pressure (PSIG)
0.000	0.675	-0.110	111.047	0.382
0.029	0.587	-0.098	111.439	0.369
0.058	0.675	-0.182	111.770	0.403
0.088	0.659	-0.115	111.316	0.374
0.118	0.654	-0.149	111.672	0.395
0.147	0.558	-0.115	112.137	0.352
0.176	0.659	-0.106	111.120	0.386
0.205	0.688	-0.153	111.451	0.412
0.234	0.638	-0.123	111.390	0.365
0.263	0.591	-0.144	111.954	0.390
0.292	0.629	-0.123	111.843	0.369
0.322	0.591	-0.132	112.101	0.357
0.351	0.625	-0.106	111.022	0.403
0.379	0.671	-0.144	111.304	0.395
0.409	0.650	-0.119	111.108	0.424
0.438	0.575	-0.110	111.782	0.374
0.468	0.654	-0.165	112.150	0.382
0.497	0.675	-0.136	111.378	0.412
0.525	0.675	-0.153	111.794	0.399
0.555	0.663	-0.136	111.145	0.403
0.584	0.579	-0.110	111.745	0.369
0.613	0.625	-0.157	112.088	0.365
0.642	0.579	-0.106	111.476	0.374
0.671	0.575	-0.115	111.892	0.382
0.701	0.654	-0.140	111.267	0.399
0.730	0.550	-0.119	111.598	0.390
0.759	0.583	-0.123	112.003	0.403
0.787	0.633	-0.149	111.978	0.403
0.817	0.629	-0.153	111.439	0.412
0.845	0.583	-0.115	111.843	0.365
0.875	0.646	-0.174	112.125	0.403
0.905	0.650	-0.132	111.316	0.412
0.938	0.675	-0.140	111.365	0.399
0.968	0.621	-0.136	111.745	0.369
0.996	0.629	-0.115	111.574	0.382
1.027	0.612	-0.110	111.451	0.365
1.054	0.642	-0.127	111.169	0.399
1.082	0.642	-0.123	111.390	0.390
1.110	0.612	-0.153	112.297	0.361
1.141	0.667	-0.140	111.280	0.403
1.169	0.591	-0.110	111.598	0.361
1.198	0.696	-0.140	111.390	0.403
1.228	0.667	-0.144	111.500	0.374
1.262	0.638	-0.123	111.169	0.382
1.291	0.571	-0.115	111.807	0.361
1.321	0.583	-0.132	111.659	0.399
1.349	0.650	-0.157	111.537	0.412
1.379	0.625	-0.119	111.341	0.399
1.407	0.608	-0.136	112.064	0.395
1.437	0.617	-0.161	112.284	0.365
1.466	0.604	-0.157	112.199	0.390
1.496	0.633	-0.161	111.623	0.412
1.525	0.591	-0.161	111.647	0.424
1.554	0.646	-0.132	111.316	0.386
1.583	0.633	-0.157	111.708	0.390
1.611	0.638	-0.123	111.353	0.382
1.640	0.667	-0.123	111.059	0.407
1.669	0.684	-0.165	111.574	0.395
1.699	0.646	-0.115	111.108	0.395
1.729	0.684	-0.161	111.610	0.369
1.757	0.654	-0.115	111.365	0.365
1.787	0.638	-0.102	111.267	0.369
1.817	0.692	-0.149	111.402	0.395
1.846	0.575	-0.115	111.905	0.378
1.876	0.675	-0.140	111.230	0.390
1.905	0.596	-0.157	112.137	0.361
1.933	0.608	-0.123	111.917	0.352
1.962	0.667	-0.153	111.341	0.407
1.992	0.659	-0.119	111.083	0.395
2.021	0.692	-0.153	111.451	0.390
2.050	0.633	-0.157	112.284	0.357
2.078	0.680	-0.165	111.525	0.399
2.107	0.621	-0.161	112.174	0.390
2.137	0.680	-0.115	111.206	0.395
2.167	0.629	-0.174	112.419	0.357
2.196	0.642	-0.115	111.145	0.382
2.224	0.600	-0.115	111.905	0.361
2.254	0.633	-0.153	111.807	0.395
2.283	0.612	-0.127	112.015	0.344
2.312	0.575	-0.110	111.684	0.369
2.342	0.600	-0.098	111.561	0.335
2.372	0.675	-0.178	111.819	0.424
2.401	0.575	-0.127	112.015	0.361
2.430	0.575	-0.132	111.708	0.412
2.459	0.642	-0.153	112.199	0.369
2.490	0.638	-0.153	112.137	0.390
2.519	0.596	-0.093	111.488	0.365
2.549	0.583	-0.102	111.316	0.378
2.577	0.696	-0.157	111.353	0.395
2.606	0.575	-0.127	111.782	0.357
2.635	0.617	-0.127	111.966	0.323
2.664	0.596	-0.110	111.647	0.361
2.694	0.650	-0.115	110.949	0.403
2.724	0.680	-0.140	111.316	0.382
2.753	0.638	-0.149	112.419	0.365
2.782	0.633	-0.110	111.010	0.378
2.811	0.612	-0.110	111.794	0.352
2.841	0.696	-0.153	111.672	0.382
2.870	0.675	-0.170	111.684	0.407
2.899	0.571	-0.123	111.684	0.374
2.930	0.633	-0.127	111.757	0.357
2.959	0.654	-0.102	111.022	0.369
2.989	0.571	-0.093	111.512	0.365
3.018	0.587	-0.106	111.623	0.361
3.048	0.587	-0.136	111.954	0.352
3.076	0.604	-0.149	111.954	0.399
3.109	0.633	-0.098	110.863	0.403
3.140	0.579	-0.127	111.941	0.374
3.169	0.667	-0.165	111.929	0.403
3.199	0.625	-0.132	111.647	0.357
3.228	0.642	-0.174	112.186	0.386
3.257	0.625	-0.165	112.039	0.390
3.290	0.633	-0.153	111.745	0.412
3.320	0.680	-0.132	111.659	0.386
3.350	0.663	-0.119	111.157	0.382
3.380	0.680	-0.144	111.414	0.390
3.410	0.617	-0.106	111.402	0.365
3.439	0.629	-0.161	111.990	0.399
3.469	0.650	-0.140	111.561	0.395
3.498	0.646	-0.157	111.990	0.378
3.528	0.604	-0.165	112.468	0.357
3.558	0.629	-0.149	111.439	0.420
3.588	0.642	-0.132	111.782	0.357
3.616	0.629	-0.110	111.414	0.365
3.644	0.659	-0.136	111.304	0.386
3.674	0.646	-0.115	111.034	0.407
3.703	0.671	-0.149	111.537	0.374
3.733	0.633	-0.106	111.145	0.365
3.762	0.621	-0.157	112.248	0.378
3.791	0.608	-0.115	111.978	0.361
3.820	0.642	-0.123	111.414	0.352
3.849	0.654	-0.165	112.260	0.395
3.878	0.617	-0.144	112.174	0.352
3.906	0.638	-0.178	112.493	0.365
3.936	0.596	-0.132	112.003	0.382
3.966	0.587	-0.115	111.966	0.357
3.995	0.663	-0.144	111.390	0.399
4.025	0.642	-0.140	111.255	0.416
4.054	0.596	-0.110	111.708	0.361
4.083	0.612	-0.140	112.223	0.361
4.112	0.663	-0.132	111.463	0.390
4.141	0.629	-0.123	111.500	0.348
4.170	0.587	-0.140	112.137	0.344
4.200	0.684	-0.119	111.353	0.357
4.229	0.692	-0.191	112.162	0.395
4.257	0.646	-0.161	111.598	0.390
4.286	0.696	-0.157	111.733	0.399
4.315	0.671	-0.170	111.941	0.386
4.344	0.675	-0.140	111.304	0.386
4.374	0.625	-0.106	110.961	0.403
4.404	0.638	-0.106	111.304	0.369
4.433	0.608	-0.093	111.341	0.374
4.463	0.612	-0.140	112.162	0.369
4.493	0.675	-0.170	112.003	0.386
4.522	0.566	-0.123	111.745	0.369
4.552	0.625	-0.115	111.034	0.395
4.580	0.688	-0.149	111.292	0.399
4.609	0.642	-0.149	111.451	0.369
4.637	0.579	-0.110	111.586	0.369
4.667	0.650	-0.157	112.321	0.390
4.696	0.583	-0.106	111.414	0.374
4.725	0.654	-0.153	111.316	0.407
4.754	0.587	-0.098	111.378	0.365
4.783	0.591	-0.089	111.010	0.365
4.813	0.638	-0.182	112.039	0.424
4.843	0.604	-0.161	112.444	0.374
4.873	0.659	-0.165	112.101	0.382
4.902	0.629	-0.149	112.003	0.386
4.931	0.596	-0.106	111.647	0.357
4.961	0.575	-0.106	111.635	0.369
4.989	0.591	-0.123	111.586	0.361
5.019	0.633	-0.132	111.218	0.420
5.049	0.680	-0.132	111.157	0.412
5.078	0.659	-0.165	112.137	0.390
5.107	0.596	-0.085	111.034	0.374
5.135	0.633	-0.157	111.917	0.399
5.165	0.612	-0.136	111.954	0.390
5.194	0.671	-0.136	111.255	0.390
5.224	0.675	-0.115	111.120	0.390
5.253	0.591	-0.127	111.659	0.382
5.283	0.696	-0.165	111.696	0.412
5.312	0.617	-0.089	111.206	0.378
5.341	0.629	-0.157	111.745	0.412
5.370	0.654	-0.144	111.255	0.407
5.404	0.663	-0.161	111.966	0.390
5.434	0.675	-0.127	111.022	0.399
5.464	0.629	-0.115	111.292	0.369
5.494	0.591	-0.132	111.819	0.348
5.523	0.675	-0.144	111.267	0.395
5.552	0.633	-0.115	111.586	0.344
5.583	0.579	-0.123	112.235	0.365
5.611	0.650	-0.132	111.243	0.378
5.639	0.629	-0.119	111.905	0.344
5.667	0.596	-0.106	111.733	0.369
5.696	0.587	-0.140	112.039	0.378
5.730	0.571	-0.102	111.549	0.386
5.760	0.566	-0.123	111.880	0.361
5.789	0.617	-0.102	111.390	0.348
5.819	0.617	-0.115	111.512	0.357
5.849	0.579	-0.110	111.378	0.378
5.879	0.680	-0.140	111.267	0.403
5.909	0.642	-0.106	111.034	0.407
5.938	0.633	-0.161	112.174	0.386
5.968	0.650	-0.140	111.414	0.399
5.997	0.596	-0.119	111.856	0.352
6.026	0.675	-0.174	111.610	0.412
6.056	0.650	-0.136	111.525	0.407
6.085	0.583	-0.115	111.954	0.369
6.114	0.663	-0.123	111.365	0.386
6.142	0.625	-0.102	111.537	0.361
6.171	0.575	-0.102	111.598	0.374
6.201	0.621	-0.161	111.966	0.390
6.231	0.583	-0.149	112.150	0.369
6.260	0.608	-0.132	111.941	0.357
6.289	0.633	-0.161	111.807	0.407
6.318	0.600	-0.136	112.211	0.352
6.348	0.625	-0.144	111.525	0.403
6.377	0.596	-0.102	111.145	0.369
6.406	0.667	-0.182	112.039	0.399
6.435	0.633	-0.127	111.708	0.361
6.464	0.554	-0.102	111.696	0.365
6.493	0.617	-0.182	112.272	0.386
6.522	0.587	-0.098	111.341	0.369
6.551	0.596	-0.110	111.733	0.361
6.580	0.583	-0.093	111.304	0.357
6.610	0.650	-0.127	111.047	0.407
6.639	0.575	-0.102	111.512	0.382
6.669	0.659	-0.140	111.537	0.378
6.702	0.684	-0.136	111.414	0.369
6.732	0.629	-0.157	112.052	0.378
6.762	0.667	-0.174	111.929	0.390
6.792	0.650	-0.127	110.973	0.403
6.822	0.633	-0.085	110.569	0.395
6.851	0.638	-0.127	111.549	0.361
6.881	0.587	-0.093	111.463	0.390
6.911	0.617	-0.123	111.978	0.348
6.941	0.625	-0.144	111.794	0.412
6.971	0.646	-0.161	111.708	0.407
7.000	0.596	-0.098	111.451	0.361
7.030	0.625	-0.110	111.255	0.374
7.058	0.663	-0.144	111.402	0.420
7.088	0.625	-0.144	112.137	0.386
7.117	0.650	-0.119	111.071	0.399
7.145	0.680	-0.140	111.378	0.399
7.174	0.654	-0.140	111.635	0.420
7.203	0.646	-0.119	111.316	0.378
7.233	0.633	-0.119	110.973	0.403
7.263	0.575	-0.127	111.917	0.378
7.297	0.671	-0.170	112.113	0.399
7.326	0.621	-0.093	110.949	0.403
7.356	0.583	-0.123	111.990	0.378
7.385	0.663	-0.140	111.500	0.403
7.414	0.579	-0.098	111.598	0.357
7.443	0.612	-0.161	111.990	0.369
7.472	0.604	-0.115	111.635	0.361
7.501	0.612	-0.149	111.794	0.399
7.531	0.650	-0.110	111.439	0.365
7.560	0.650	-0.165	112.076	0.390
7.593	0.663	-0.170	112.186	0.395
7.623	0.646	-0.178	112.407	0.374
7.651	0.612	-0.132	112.174	0.344
7.680	0.566	-0.119	111.745	0.361
7.709	0.705	-0.174	111.856	0.390
7.737	0.650	-0.140	111.341	0.374
7.767	0.633	-0.115	111.047	0.386
7.796	0.675	-0.127	111.316	0.386
7.826	0.629	-0.165	112.174	0.386
7.857	0.675	-0.161	111.463	0.390
7.888	0.705	-0.157	111.365	0.399
7.917	0.650	-0.132	111.316	0.407
7.948	0.642	-0.115	111.353	0.361
7.983	0.642	-0.140	111.463	0.382
8.012	0.629	-0.098	110.765	0.390
8.042	0.675	-0.170	111.892	0.399
8.072	0.642	-0.161	112.088	0.374
8.102	0.654	-0.153	111.341	0.412
8.132	0.625	-0.144	111.868	0.416
8.160	0.621	-0.106	111.206	0.378
8.189	0.591	-0.132	111.868	0.369
8.218	0.629	-0.174	112.493	0.357
8.247	0.675	-0.149	111.525	0.390
8.276	0.671	-0.123	111.243	0.386
8.306	0.650	-0.149	111.586	0.399
8.335	0.646	-0.106	111.047	0.390
8.364	0.596	-0.132	111.990	0.374
8.393	0.604	-0.144	112.199	0.382
8.422	0.617	-0.153	112.125	0.382
8.452	0.629	-0.153	112.395	0.357
8.482	0.591	-0.132	112.370	0.361
8.511	0.596	-0.106	111.635	0.340
8.540	0.587	-0.153	112.640	0.382
8.570	0.659	-0.132	111.304	0.386
8.599	0.621	-0.110	111.488	0.352
8.628	0.654	-0.161	112.064	0.399
8.655	0.625	-0.102	111.243	0.369
8.684	0.612	-0.123	111.745	0.382
8.712	0.596	-0.093	111.316	0.399
8.742	0.654	-0.093	110.973	0.395
8.773	0.575	-0.102	111.243	0.382
8.802	0.617	-0.149	112.346	0.378
8.831	0.684	-0.161	111.794	0.412
8.860	0.583	-0.132	111.794	0.390
8.888	0.612	-0.149	112.248	0.357
8.922	0.583	-0.106	111.892	0.369
8.953	0.650	-0.110	111.230	0.382
8.983	0.633	-0.161	112.101	0.390
9.012	0.617	-0.115	111.561	0.361
9.041	0.638	-0.144	111.169	0.412
9.070	0.629	-0.149	111.623	0.412
9.099	0.579	-0.102	111.402	0.369
9.129	0.612	-0.106	111.390	0.365
9.158	0.571	-0.119	111.708	0.365
9.186	0.591	-0.098	111.414	0.365
9.216	0.575	-0.119	111.856	0.365
9.246	0.579	-0.093	111.488	0.369
9.276	0.591	-0.115	111.659	0.374
9.306	0.612	-0.102	111.243	0.369
9.335	0.596	-0.123	111.708	0.361
9.369	0.583	-0.132	111.929	0.378
9.399	0.608	-0.085	110.936	0.382
9.429	0.646	-0.132	110.949	0.420
9.459	0.629	-0.132	111.757	0.357
9.489	0.629	-0.127	111.574	0.369
9.519	0.684	-0.127	111.292	0.395
9.549	0.591	-0.144	111.757	0.416
9.583	0.675	-0.149	111.451	0.390
9.612	0.591	-0.132	112.137	0.369
9.641	0.600	-0.110	111.353	0.365
9.669	0.571	-0.102	111.549	0.374
9.697	0.650	-0.136	111.022	0.403
9.726	0.612	-0.149	112.137	0.374
9.755	0.629	-0.093	110.961	0.386
9.788	0.617	-0.089	111.083	0.386
9.818	0.579	-0.098	111.574	0.390
9.848	0.638	-0.106	111.120	0.390
9.878	0.612	-0.136	112.150	0.348
9.907	0.600	-0.144	112.015	0.399
9.936	0.646	-0.123	111.083	0.412
9.966	0.671	-0.174	111.929	0.403
9.996	0.642	-0.123	111.304	0.369
10.025	0.646	-0.115	110.777	0.412
10.054	0.688	-0.153	111.856	0.399
10.084	0.617	-0.149	112.039	0.369
10.113	0.667	-0.093	110.716	0.395
10.143	0.579	-0.136	112.064	0.374
10.171	0.671	-0.119	111.365	0.365
10.199	0.575	-0.132	111.782	0.382
10.229	0.604	-0.085	110.851	0.382
10.258	0.642	-0.123	111.108	0.395
10.288	0.587	-0.115	111.856	0.365
10.317	0.575	-0.106	111.892	0.357
10.347	0.675	-0.144	111.329	0.386
10.377	0.650	-0.140	111.586	0.374
10.406	0.608	-0.110	111.463	0.369
10.436	0.659	-0.144	111.439	0.399
10.465	0.667	-0.144	111.610	0.390
10.495	0.575	-0.072	110.985	0.365
10.525	0.642	-0.132	111.218	0.395
10.554	0.591	-0.123	111.721	0.416
10.583	0.646	-0.119	111.255	0.390
10.612	0.608	-0.149	111.819	0.403
10.641	0.612	-0.157	112.211	0.399
10.669	0.612	-0.157	111.905	0.407
10.696	0.659	-0.157	111.733	0.416
10.727	0.642	-0.149	112.174	0.382
10.756	0.629	-0.110	111.353	0.348
10.786	0.617	-0.098	111.169	0.378
10.815	0.663	-0.157	112.064	0.412
10.848	0.587	-0.098	111.365	0.378
10.878	0.600	-0.132	111.856	0.344
10.908	0.596	-0.093	110.973	0.374
10.938	0.680	-0.132	111.304	0.403
10.968	0.617	-0.144	111.721	0.407
10.997	0.617	-0.157	112.003	0.390
11.026	0.638	-0.106	110.912	0.412
11.056	0.654	-0.149	111.917	0.395
11.085	0.663	-0.119	111.500	0.357
11.114	0.612	-0.136	111.929	0.365
11.144	0.587	-0.102	111.500	0.357
11.174	0.629	-0.110	111.304	0.390
11.201	0.608	-0.127	111.782	0.399
11.230	0.596	-0.149	112.052	0.390
11.258	0.621	-0.127	111.427	0.441
11.288	0.646	-0.153	111.892	0.412
11.317	0.596	-0.149	111.966	0.386
11.346	0.583	-0.106	111.647	0.369
11.376	0.671	-0.127	111.341	0.382
11.406	0.629	-0.165	112.333	0.365
11.435	0.684	-0.153	111.586	0.390
11.464	0.562	-0.106	111.745	0.382
11.494	0.591	-0.140	111.794	0.399
11.523	0.684	-0.161	111.525	0.416
11.552	0.617	-0.093	111.096	0.395
11.585	0.617	-0.132	111.610	0.399
11.615	0.621	-0.157	112.064	0.412
11.645	0.654	-0.115	110.949	0.420
11.674	0.587	-0.140	112.003	0.357
11.702	0.608	-0.140	112.039	0.348
11.731	0.684	-0.157	111.978	0.399
11.759	0.617	-0.093	111.059	0.412
11.789	0.625	-0.136	111.782	0.412
11.818	0.696	-0.140	111.414	0.390
11.847	0.629	-0.157	112.137	0.382
11.876	0.629	-0.119	111.684	0.365
11.905	0.696	-0.149	111.586	0.399
11.934	0.596	-0.119	111.856	0.403
11.963	0.675	-0.136	111.402	0.416
11.992	0.650	-0.119	111.071	0.416
12.021	0.684	-0.161	111.610	0.424
12.050	0.566	-0.119	111.721	0.395
12.079	0.596	-0.115	111.623	0.386
12.108	0.583	-0.132	112.162	0.361
12.137	0.571	-0.081	111.365	0.365
12.167	0.608	-0.127	111.941	0.382
12.196	0.591	-0.144	112.015	0.395
12.224	0.629	-0.102	111.034	0.395
12.254	0.659	-0.144	111.586	0.390
12.283	0.596	-0.127	112.260	0.344
12.316	0.562	-0.098	111.549	0.378
12.346	0.625	-0.144	112.113	0.361
12.375	0.633	-0.123	111.267	0.369
12.404	0.604	-0.115	112.039	0.348
12.434	0.583	-0.102	111.500	0.365
12.464	0.680	-0.132	111.353	0.390
12.494	0.575	-0.102	111.316	0.378
12.524	0.604	-0.165	112.235	0.369
12.553	0.608	-0.115	111.329	0.369
12.582	0.612	-0.153	112.186	0.378
12.612	0.646	-0.123	111.476	0.382
12.641	0.600	-0.102	111.365	0.382
12.670	0.596	-0.115	111.512	0.386
12.699	0.621	-0.136	111.905	0.390
12.726	0.680	-0.127	111.194	0.424
12.754	0.587	-0.102	111.427	0.382
12.784	0.621	-0.140	112.137	0.403
12.813	0.587	-0.123	111.843	0.429
12.841	0.617	-0.119	111.586	0.412
12.869	0.684	-0.136	111.145	0.463
12.899	0.642	-0.127	111.390	0.429
12.928	0.621	-0.119	111.488	0.403
12.957	0.650	-0.123	111.010	0.463
12.987	0.583	-0.127	111.880	0.420
13.017	0.617	-0.153	111.843	0.454
13.046	0.684	-0.170	111.586	0.437
13.076	0.625	-0.153	111.954	0.458
13.105	0.596	-0.132	111.782	0.416
13.135	0.629	-0.170	112.248	0.412
13.164	0.638	-0.127	111.341	0.441
13.193	0.646	-0.140	111.500	0.437
13.222	0.529	-0.098	111.721	0.433
13.250	0.587	-0.136	111.794	0.437
13.280	0.621	-0.161	111.941	0.429
13.309	0.591	-0.098	111.623	0.378
13.343	0.625	-0.098	111.365	0.382
13.373	0.659	-0.149	111.292	0.433
13.403	0.642	-0.102	111.108	0.374
13.432	0.612	-0.123	111.990	0.323
13.462	0.659	-0.127	111.292	0.424
13.491	0.621	-0.153	112.039	0.378
13.520	0.654	-0.127	110.887	0.437
13.550	0.579	-0.098	111.561	0.378
13.584	0.617	-0.102	111.488	0.348
13.614	0.617	-0.149	112.003	0.395
13.644	0.612	-0.132	112.064	0.361
13.674	0.579	-0.123	111.868	0.365
13.704	0.625	-0.161	111.954	0.412
13.732	0.608	-0.149	112.370	0.361
13.760	0.608	-0.115	111.586	0.365
13.788	0.608	-0.089	110.765	0.386
13.818	0.633	-0.123	111.341	0.365
13.848	0.633	-0.127	111.635	0.361
13.877	0.654	-0.132	111.169	0.416
13.907	0.659	-0.140	111.267	0.407
13.936	0.612	-0.132	111.880	0.382
13.966	0.667	-0.174	111.623	0.403
13.996	0.554	-0.115	111.856	0.365
14.026	0.608	-0.174	112.052	0.412
14.054	0.600	-0.144	111.978	0.390
14.084	0.667	-0.132	111.353	0.403
14.115	0.617	-0.119	111.586	0.357
14.145	0.617	-0.157	111.586	0.403
14.175	0.659	-0.123	111.427	0.374
14.205	0.617	-0.149	112.125	0.378
14.233	0.583	-0.098	111.439	0.361
14.261	0.608	-0.132	111.990	0.352
14.290	0.604	-0.149	112.248	0.369
14.320	0.596	-0.110	112.064	0.340
14.350	0.667	-0.115	110.973	0.403
14.380	0.583	-0.132	111.978	0.378
14.409	0.608	-0.115	111.990	0.365
14.438	0.629	-0.110	111.463	0.369
14.469	0.575	-0.085	111.537	0.365
14.502	0.600	-0.132	112.101	0.352
14.532	0.684	-0.136	111.304	0.403
14.562	0.612	-0.153	112.064	0.386
14.592	0.654	-0.110	111.206	0.357
14.622	0.617	-0.157	112.186	0.382
14.651	0.642	-0.165	112.284	0.369
14.680	0.591	-0.132	111.978	0.348
14.708	0.604	-0.140	111.831	0.403
14.737	0.612	-0.153	111.978	0.386
14.765	0.629	-0.153	112.321	0.352
14.795	0.596	-0.123	111.635	0.378
14.824	0.612	-0.136	112.064	0.348
14.853	0.650	-0.153	112.235	0.386
14.882	0.663	-0.127	111.402	0.369
14.912	0.688	-0.161	111.745	0.399
14.941	0.633	-0.153	111.451	0.412
14.970	0.579	-0.140	112.101	0.369
15.000	0.638	-0.153	112.211	0.369
15.033	0.566	-0.093	111.439	0.378
15.063	0.633	-0.106	111.108	0.390
15.092	0.650	-0.174	111.733	0.407
15.120	0.600	-0.161	112.137	0.369
15.150	0.654	-0.127	111.059	0.412
15.178	0.680	-0.144	111.476	0.395
15.207	0.596	-0.132	112.003	0.352
15.236	0.571	-0.115	111.782	0.382
15.264	0.633	-0.119	111.561	0.369
15.293	0.667	-0.136	111.402	0.378
15.323	0.608	-0.157	112.284	0.365
15.353	0.667	-0.178	111.966	0.399
15.382	0.617	-0.153	112.064	0.386
15.412	0.692	-0.161	111.659	0.382
15.441	0.638	-0.119	110.985	0.429
15.470	0.688	-0.161	111.647	0.382
15.499	0.617	-0.115	111.537	0.365
15.528	0.638	-0.149	111.586	0.424
15.557	0.650	-0.153	111.635	0.390
15.589	0.675	-0.127	111.390	0.378
15.620	0.579	-0.115	111.488	0.382
15.650	0.612	-0.089	110.826	0.399
15.680	0.633	-0.106	110.851	0.403
15.710	0.608	-0.110	111.341	0.378
15.740	0.667	-0.182	111.880	0.395
15.768	0.612	-0.106	111.672	0.352
15.796	0.675	-0.140	111.218	0.420
15.825	0.633	-0.106	111.022	0.386
15.854	0.575	-0.081	111.243	0.390
15.883	0.667	-0.140	111.439	0.429
15.912	0.600	-0.149	111.917	0.386
15.941	0.692	-0.157	111.647	0.390
15.970	0.638	-0.115	111.304	0.374
15.999	0.600	-0.085	111.365	0.374
16.028	0.583	-0.132	111.807	0.386
16.057	0.608	-0.110	111.390	0.412
16.087	0.709	-0.178	111.794	0.399
16.117	0.654	-0.110	111.096	0.382
16.146	0.646	-0.127	111.181	0.403
16.176	0.638	-0.127	111.047	0.412
16.206	0.642	-0.119	111.451	0.357
16.236	0.659	-0.132	111.206	0.395
16.264	0.612	-0.153	111.635	0.429
16.292	0.659	-0.170	111.341	0.433
16.322	0.646	-0.123	111.096	0.412
16.352	0.680	-0.149	111.549	0.424
16.382	0.667	-0.149	111.145	0.424
16.411	0.692	-0.127	111.206	0.390
16.441	0.608	-0.140	112.052	0.365
16.470	0.650	-0.119	110.863	0.420
16.499	0.579	-0.127	111.831	0.374
16.529	0.680	-0.161	111.427	0.399
16.558	0.625	-0.149	112.186	0.352
16.586	0.642	-0.115	111.243	0.361
16.616	0.583	-0.127	111.954	0.365
16.645	0.612	-0.174	112.309	0.378
16.674	0.591	-0.136	111.954	0.365
16.703	0.591	-0.110	111.586	0.374
16.732	0.638	-0.174	112.284	0.390
16.761	0.667	-0.132	111.341	0.369
16.789	0.663	-0.174	112.039	0.399
16.818	0.621	-0.102	111.316	0.369
16.847	0.604	-0.127	112.137	0.374
16.877	0.591	-0.110	111.684	0.361
16.906	0.646	-0.165	111.978	0.390
16.936	0.646	-0.157	111.757	0.412
16.966	0.608	-0.119	111.917	0.348
16.996	0.579	-0.132	111.966	0.382
17.026	0.617	-0.153	112.199	0.386
17.056	0.566	-0.127	111.892	0.378
17.085	0.612	-0.144	111.794	0.395
17.114	0.675	-0.161	111.586	0.412
17.143	0.680	-0.123	111.451	0.382
17.171	0.642	-0.157	112.101	0.386
17.201	0.646	-0.153	111.623	0.403
17.230	0.591	-0.110	111.488	0.361
17.260	0.621	-0.157	112.346	0.369
17.287	0.638	-0.102	111.280	0.378
17.317	0.650	-0.123	111.537	0.361
17.347	0.642	-0.123	111.598	0.361
17.376	0.617	-0.093	111.083	0.369
17.406	0.625	-0.106	111.243	0.361
17.435	0.608	-0.157	112.088	0.369
17.464	0.709	-0.161	111.721	0.369
17.493	0.617	-0.110	111.757	0.357
17.522	0.633	-0.132	111.757	0.395
17.552	0.638	-0.098	111.365	0.365
17.586	0.671	-0.127	111.267	0.378
17.616	0.688	-0.144	111.439	0.382
17.646	0.659	-0.123	111.341	0.382
17.675	0.646	-0.119	111.059	0.399
17.704	0.579	-0.140	111.954	0.374
17.734	0.667	-0.127	111.194	0.424
17.763	0.692	-0.165	111.623	0.390
17.791	0.659	-0.119	111.390	0.369
17.819	0.659	-0.144	111.267	0.429
17.847	0.591	-0.102	111.292	0.378
17.877	0.612	-0.119	111.745	0.352
17.906	0.646	-0.165	112.137	0.390
17.936	0.705	-0.170	111.856	0.395
17.965	0.604	-0.102	110.973	0.374
17.994	0.612	-0.149	112.150	0.374
18.023	0.675	-0.174	111.733	0.407
18.057	0.671	-0.178	111.892	0.395
18.087	0.638	-0.157	112.174	0.382
18.117	0.663	-0.165	112.003	0.403
18.147	0.663	-0.140	111.439	0.412
18.177	0.608	-0.110	111.574	0.378
18.207	0.654	-0.127	111.083	0.407
18.236	0.621	-0.089	111.157	0.390
18.266	0.671	-0.123	111.451	0.378
18.294	0.587	-0.102	111.782	0.357
18.322	0.571	-0.132	111.757	0.395
18.352	0.625	-0.102	111.390	0.369
18.382	0.629	-0.144	112.015	0.382
18.411	0.600	-0.153	112.088	0.378
18.441	0.596	-0.102	111.500	0.369
18.471	0.629	-0.140	111.561	0.412
18.500	0.642	-0.140	111.488	0.424
18.530	0.604	-0.110	111.929	0.369
18.560	0.667	-0.153	111.488	0.390
18.588	0.617	-0.102	111.647	0.361
18.618	0.600	-0.106	111.635	0.352
18.647	0.591	-0.136	111.880	0.390
18.677	0.680	-0.174	112.039	0.399
18.710	0.608	-0.119	111.610	0.378
18.739	0.654	-0.136	111.427	0.369
18.768	0.692	-0.140	111.169	0.395
18.796	0.663	-0.157	111.647	0.403
18.824	0.617	-0.119	111.463	0.365
18.854	0.591	-0.106	111.794	0.344
18.883	0.671	-0.157	111.549	0.390
18.913	0.629	-0.153	112.150	0.374
18.942	0.650	-0.174	112.052	0.382
18.972	0.646	-0.144	111.316	0.412
19.002	0.663	-0.149	111.659	0.390
19.032	0.646	-0.115	111.365	0.374
19.062	0.654	-0.157	111.672	0.407
19.091	0.654	-0.157	111.770	0.386
19.120	0.621	-0.165	112.015	0.395
19.150	0.625	-0.081	111.267	0.365
19.180	0.692	-0.153	111.390	0.416
19.210	0.604	-0.140	111.696	0.412
19.238	0.583	-0.098	111.329	0.374
19.268	0.663	-0.149	111.243	0.399
19.296	0.633	-0.102	111.218	0.378
19.324	0.680	-0.153	111.672	0.390
19.354	0.608	-0.093	111.843	0.344
19.384	0.625	-0.153	111.794	0.399
19.413	0.646	-0.110	111.500	0.378
19.442	0.579	-0.115	111.831	0.382
19.471	0.675	-0.140	111.414	0.390
19.500	0.604	-0.093	111.230	0.352
19.529	0.596	-0.136	112.088	0.386
19.558	0.642	-0.149	111.708	0.390
19.591	0.596	-0.115	111.868	0.361
19.620	0.650	-0.123	111.341	0.374
19.649	0.633	-0.157	112.039	0.382
19.678	0.617	-0.089	110.949	0.378
19.707	0.604	-0.102	111.365	0.365
19.736	0.633	-0.144	111.500	0.395
19.766	0.675	-0.144	111.365	0.386
19.795	0.575	-0.089	111.451	0.386
19.823	0.650	-0.123	111.157	0.399
19.851	0.608	-0.106	111.635	0.365
19.880	0.617	-0.132	111.880	0.348
19.909	0.684	-0.149	111.353	0.369
19.939	0.675	-0.170	111.892	0.378
19.968	0.659	-0.110	110.789	0.395
19.998	0.659	-0.136	111.145	0.416
20.027	0.692	-0.140	111.635	0.399
20.057	0.617	-0.157	111.990	0.382
20.086	0.562	-0.119	111.635	0.386
20.116	0.667	-0.178	112.211	0.378
20.146	0.680	-0.149	111.341	0.416
20.179	0.625	-0.110	111.598	0.369
20.209	0.608	-0.157	111.880	0.399
20.242	0.646	-0.119	110.998	0.412
20.272	0.600	-0.106	111.292	0.365
20.301	0.667	-0.153	111.708	0.407
20.329	0.587	-0.119	111.868	0.357
20.357	0.675	-0.170	111.905	0.386
20.387	0.583	-0.089	111.280	0.386
20.417	0.659	-0.157	111.843	0.412
20.446	0.680	-0.119	111.488	0.374
20.474	0.654	-0.165	112.186	0.412
20.504	0.596	-0.119	111.929	0.378
20.533	0.629	-0.157	111.647	0.395
20.562	0.612	-0.106	111.623	0.352
20.591	0.692	-0.157	111.476	0.390
20.620	0.654	-0.170	112.101	0.390
20.649	0.663	-0.132	111.402	0.378
20.678	0.629	-0.157	112.235	0.374
20.707	0.617	-0.110	110.679	0.412
20.737	0.675	-0.123	111.353	0.390
20.765	0.650	-0.157	111.929	0.395
20.795	0.667	-0.153	111.525	0.399
20.824	0.654	-0.165	111.856	0.403
20.852	0.675	-0.149	111.696	0.412
20.886	0.654	-0.153	111.745	0.403
20.916	0.688	-0.144	111.292	0.407
20.946	0.621	-0.127	111.892	0.369
20.976	0.604	-0.123	111.905	0.352
21.009	0.650	-0.149	111.341	0.429
21.039	0.625	-0.093	110.924	0.374
21.068	0.696	-0.144	111.402	0.386
21.097	0.684	-0.153	111.659	0.403
21.126	0.701	-0.165	111.782	0.399
21.155	0.667	-0.132	111.537	0.365
21.185	0.663	-0.140	111.316	0.412
21.214	0.654	-0.165	111.770	0.407
21.244	0.659	-0.165	111.868	0.399
21.276	0.617	-0.136	111.905	0.361
21.306	0.629	-0.161	112.211	0.378
21.335	0.612	-0.102	111.083	0.378
21.362	0.608	-0.153	111.941	0.403
21.392	0.667	-0.174	112.186	0.390
21.421	0.654	-0.110	111.402	0.374
21.454	0.587	-0.089	111.010	0.395
21.484	0.617	-0.089	111.047	0.378
21.513	0.688	-0.140	111.476	0.399
21.544	0.612	-0.144	112.064	0.386
21.577	0.612	-0.136	112.052	0.382
21.607	0.617	-0.165	112.419	0.378
21.637	0.625	-0.149	111.807	0.412
21.667	0.604	-0.119	111.757	0.327
21.696	0.600	-0.110	111.635	0.361
21.725	0.617	-0.115	111.635	0.365
21.755	0.663	-0.102	110.851	0.399
21.785	0.667	-0.123	111.586	0.386
21.815	0.680	-0.140	111.316	0.429
21.842	0.617	-0.149	112.101	0.378
21.870	0.675	-0.127	111.512	0.390
21.898	0.675	-0.132	111.132	0.412
21.928	0.654	-0.123	111.059	0.407
21.958	0.633	-0.110	111.145	0.382
21.988	0.667	-0.157	111.807	0.390
22.018	0.659	-0.157	112.137	0.395
22.047	0.621	-0.106	111.292	0.390
22.077	0.558	-0.110	111.610	0.369
22.106	0.675	-0.123	111.390	0.386
22.135	0.629	-0.098	110.765	0.412
22.164	0.625	-0.161	112.211	0.369
22.194	0.579	-0.098	111.414	0.365
22.223	0.654	-0.106	111.022	0.399
22.252	0.604	-0.153	111.990	0.374
22.282	0.650	-0.165	112.125	0.378
22.312	0.608	-0.119	112.052	0.348
22.341	0.579	-0.123	111.721	0.390
22.369	0.642	-0.110	111.525	0.369
22.399	0.659	-0.115	110.924	0.407
22.429	0.612	-0.115	111.537	0.352
22.459	0.675	-0.174	111.672	0.407
22.488	0.675	-0.110	111.243	0.390
22.517	0.638	-0.115	111.414	0.369
22.547	0.675	-0.132	111.304	0.395
22.577	0.625	-0.098	111.353	0.365
22.607	0.671	-0.136	111.145	0.403
22.637	0.587	-0.123	111.831	0.348
22.666	0.680	-0.157	111.831	0.395
22.694	0.554	-0.089	111.304	0.369
22.724	0.642	-0.165	111.966	0.407
22.753	0.621	-0.153	111.954	0.403
22.782	0.617	-0.144	112.174	0.361
22.812	0.671	-0.140	111.218	0.412
22.842	0.583	-0.132	112.052	0.369
22.870	0.608	-0.157	112.223	0.365
22.899	0.642	-0.119	111.672	0.357
22.929	0.612	-0.144	112.284	0.357
22.958	0.608	-0.144	112.162	0.369
22.988	0.629	-0.127	111.610	0.352
23.018	0.663	-0.132	111.059	0.420
23.047	0.591	-0.123	111.978	0.348
23.081	0.633	-0.157	111.635	0.403
23.111	0.650	-0.115	110.985	0.403
23.140	0.596	-0.110	111.708	0.361
23.169	0.654	-0.127	111.378	0.395
23.198	0.671	-0.127	111.439	0.395
23.227	0.633	-0.098	111.230	0.374
23.256	0.654	-0.106	110.875	0.416
23.286	0.650	-0.140	112.186	0.369
23.315	0.667	-0.157	111.782	0.416
23.344	0.654	-0.174	112.137	0.412
23.372	0.675	-0.182	112.064	0.407
23.402	0.600	-0.093	111.598	0.352
23.432	0.608	-0.127	112.015	0.369
23.461	0.688	-0.161	111.512	0.407
23.491	0.596	-0.098	111.402	0.374
23.520	0.646	-0.157	111.488	0.412
23.550	0.659	-0.106	110.875	0.382
23.583	0.629	-0.110	111.267	0.390
23.614	0.642	-0.119	111.512	0.357
23.644	0.671	0.038	111.868	0.395
23.674	0.579	-0.089	111.500	0.382
23.704	0.604	-0.132	111.733	0.399
23.732	0.562	-0.093	111.708	0.365
23.763	0.579	-0.136	112.064	0.378
23.793	0.612	-0.149	112.027	0.378
23.822	0.654	-0.115	111.341	0.386
23.852	0.654	-0.149	111.868	0.403
23.880	0.604	-0.106	111.696	0.348
23.908	0.688	-0.132	111.145	0.399
23.937	0.625	-0.140	111.610	0.412
23.967	0.680	-0.140	111.476	0.403
23.997	0.680	-0.132	111.169	0.420
24.027	0.684	-0.144	111.316	0.420
24.057	0.642	-0.110	111.414	0.378
24.087	0.654	-0.115	111.034	0.399
24.117	0.692	-0.140	111.255	0.395
24.147	0.642	-0.187	112.407	0.390
24.176	0.646	2.351	111.598	0.518
24.206	0.575	3.535	111.635	0.424
24.235	0.663	7.597	111.586	0.042
24.265	0.684	14.689	111.353	-0.297
24.293	0.625	20.393	110.887	-0.696
24.323	0.587	21.985	111.463	-1.142
24.351	0.587	18.645	111.721	-1.515
24.379	0.571	12.957	111.280	-1.698
24.407	0.633	8.790	111.488	-1.613
24.435	0.650	7.712	111.132	-1.286
24.464	0.650	9.163	111.083	-1.078
24.493	0.604	12.677	111.745	-1.171
24.523	0.608	17.057	111.733	-1.570
24.551	0.642	20.720	111.218	-2.029
24.580	0.633	23.941	111.071	-2.496
24.607	0.688	26.352	111.194	-2.903
24.637	0.663	28.669	110.507	-3.391
24.666	0.642	30.902	111.218	-3.875
24.694	0.612	33.113	110.802	-4.223
24.722	0.562	35.507	111.022	-4.639
24.750	0.612	37.743	110.961	-5.051
24.782	0.663	40.405	110.483	-5.420
24.812	0.642	42.628	110.434	-5.742
24.840	0.650	44.687	111.169	-6.099
24.869	0.583	46.788	110.814	-6.417
24.898	0.684	48.740	110.581	-6.718
24.926	0.633	50.714	110.324	-7.041
24.954	0.579	52.573	110.189	-7.287
24.982	0.600	54.304	109.637	-7.338
25.011	0.638	55.972	110.311	-7.461
25.041	0.667	57.610	109.907	-7.754
25.069	0.600	59.266	110.115	-8.136
25.099	0.688	60.666	110.507	-8.442
25.127	0.671	62.101	109.368	-8.730
25.155	0.579	63.476	110.128	-9.023
25.184	0.642	64.813	110.017	-9.307
25.212	0.612	66.031	110.115	-9.596
25.241	0.675	67.266	109.245	-9.808
25.274	0.629	68.658	109.196	-10.118
25.304	0.671	69.630	109.490	-10.326
25.333	0.663	70.746	109.674	-10.555
25.362	0.675	71.650	109.159	-10.772
25.389	0.575	72.448	109.637	-10.967
25.417	0.638	73.191	109.429	-11.124
25.446	0.591	73.921	109.392	-11.332
25.475	0.591	74.591	109.306	-11.510
25.504	0.642	75.160	108.755	-11.654
25.533	0.638	75.708	109.208	-11.756
25.562	0.617	76.124	109.355	-11.909
25.611	0.646	76.794	108.926	-12.121
25.641	0.612	77.231	109.172	-12.287
25.670	0.629	77.579	108.118	-12.359
25.700	0.600	77.859	108.167	-12.474
25.729	0.633	78.131	107.640	-12.537
25.758	0.642	78.229	108.571	-12.618
25.787	0.583	78.394	108.632	-12.715
25.816	0.600	78.505	108.571	-12.788
25.846	0.642	78.704	108.056	-12.847
25.876	0.591	78.857	108.473	-12.915
25.904	0.608	79.116	107.346	-12.923
25.931	0.642	79.120	107.296	-12.970
25.959	0.571	79.154	107.787	-13.017
25.990	0.612	79.128	108.252	-13.055
26.019	0.642	79.167	106.978	-13.025
26.049	0.629	79.247	106.708	-13.063
26.079	0.608	79.349	107.076	-13.093
26.109	0.591	79.311	106.537	-13.093
26.138	0.654	79.332	106.978	-13.136
26.167	0.612	79.311	106.904	-13.131
26.196	0.646	79.375	107.456	-13.119
26.230	0.617	79.404	107.002	-13.157
26.260	0.591	79.404	107.382	-13.165
26.290	0.680	79.443	106.635	-13.140
26.320	0.667	79.489	106.463	-13.144
26.350	0.659	79.443	106.169	-13.131
26.380	0.629	79.421	106.402	-13.144
26.408	0.617	79.443	106.120	-13.161
26.437	0.663	79.387	106.328	-13.144
26.465	0.684	79.409	106.108	-13.174
26.500	0.596	79.409	106.586	-13.182
26.531	0.608	79.434	105.961	-13.153
26.560	0.621	79.370	105.973	-13.140
26.589	0.633	79.290	106.451	-13.182
26.619	0.633	79.315	105.336	-13.148
26.649	0.566	79.290	106.010	-13.187
26.679	0.675	79.252	105.912	-13.174
26.707	0.587	79.294	105.961	-13.204
26.741	0.612	79.171	106.034	-13.182
26.771	0.587	79.226	105.642	-13.204
26.801	0.587	79.273	105.924	-13.221
26.831	0.612	79.264	104.968	-13.195
26.861	0.633	79.205	105.029	-13.170
26.891	0.646	79.162	105.605	-13.195
26.918	0.667	79.167	104.956	-13.191
26.946	0.667	79.256	104.784	-13.170
26.976	0.650	79.260	104.380	-13.165
27.006	0.629	79.290	104.478	-13.204
27.036	0.596	79.201	104.980	-13.199
27.066	0.587	79.171	104.711	-13.216
27.095	0.612	79.137	104.747	-13.187
27.125	0.608	79.222	104.355	-13.225
27.154	0.558	79.107	104.453	-13.221
27.184	0.600	79.095	104.686	-13.229
27.214	0.625	79.120	104.588	-13.191
27.244	0.646	79.103	104.135	-13.178
27.274	0.587	79.128	104.306	-13.242
27.304	0.625	79.116	103.669	-13.182
27.333	0.633	79.090	103.963	-13.199
27.362	0.591	79.052	104.098	-13.238
27.392	0.646	79.010	103.951	-13.191
27.420	0.558	79.035	103.718	-13.208
27.452	0.659	78.971	103.853	-13.191
27.481	0.591	78.971	103.644	-13.212
27.510	0.663	78.993	103.044	-13.204
27.539	0.612	79.044	103.203	-13.221
27.569	0.600	78.899	103.375	-13.195
27.601	0.625	78.887	103.191	-13.191
27.631	0.587	78.959	103.497	-13.233
27.661	0.646	78.942	102.799	-13.199
27.691	0.617	78.916	102.958	-13.225
27.720	0.604	78.950	102.737	-13.199
27.753	0.554	78.929	102.823	-13.238
27.783	0.680	78.882	102.505	-13.187
27.813	0.583	78.882	101.867	-13.221
27.842	0.591	78.895	102.088	-13.216
27.871	0.579	78.865	102.259	-13.225
27.901	0.633	78.861	101.769	-13.204
27.929	0.642	78.810	102.419	-13.254
27.957	0.579	78.802	102.247	-13.233
27.985	0.646	78.780	101.622	-13.212
28.015	0.562	78.742	101.757	-13.216
28.044	0.684	78.708	101.965	-13.221
28.073	0.675	78.657	101.647	-13.191
28.102	0.633	78.615	102.088	-13.221
28.132	0.579	78.564	101.904	-13.216
28.163	0.642	78.556	101.034	-13.187
28.192	0.663	78.556	100.948	-13.216
28.221	0.642	78.594	101.120	-13.208
28.251	0.591	78.636	101.561	-13.229
28.280	0.663	78.526	101.169	-13.191
28.309	0.562	78.589	101.034	-13.246
28.338	0.654	78.551	100.862	-13.208
28.367	0.625	78.449	101.340	-13.208
28.395	0.575	78.505	100.752	-13.229
28.425	0.667	78.437	100.777	-13.204
28.457	0.650	78.522	100.274	-13.204
28.488	0.629	78.530	100.017	-13.204
28.517	0.587	78.437	101.022	-13.238
28.547	0.617	78.360	99.894	-13.212
28.576	0.583	78.343	100.593	-13.246
28.605	0.629	78.246	100.029	-13.242
28.635	0.625	78.131	100.654	-13.229
28.664	0.633	78.033	99.649	-13.208
28.693	0.659	77.843	100.139	-13.208
28.722	0.566	77.843	100.593	-13.254
28.752	0.571	77.813	100.250	-13.242
28.781	0.646	77.745	100.139	-13.212
28.810	0.638	77.452	98.963	-13.233
28.840	0.650	77.231	99.330	-13.216
28.869	0.617	77.100	99.710	-13.221
28.899	0.684	76.938	99.281	-13.238
28.927	0.575	76.620	100.225	-13.271
28.956	0.571	76.298	99.171	-13.250
28.985	0.654	75.742	98.607	-13.225
29.014	0.604	75.075	99.784	-13.250
29.043	0.659	74.460	99.183	-13.238
29.072	0.646	73.819	98.644	-13.233
29.101	0.663	72.796	98.828	-13.284
29.130	0.571	71.828	98.987	-13.288
29.159	0.642	70.559	98.534	-13.246
29.188	0.571	69.240	98.534	-13.322
29.217	0.617	67.427	98.742	-13.284
29.246	0.579	65.657	98.656	-13.305
29.275	0.646	63.675	98.889	-13.314
29.304	0.596	61.672	99.220	-13.373
29.334	0.608	59.699	98.620	-13.378
29.363	0.579	57.734	98.754	-13.390
29.393	0.617	55.696	98.767	-13.395
29.422	0.617	53.706	98.473	-13.407
29.450	0.663	51.749	98.276	-13.454
29.478	0.642	49.139	98.975	-13.348
29.507	0.650	45.629	98.632	-13.140
29.537	0.575	41.457	98.313	-12.817
29.572	0.575	36.012	98.473	-12.236
29.606	0.705	30.469	98.129	-11.446
29.636	0.633	25.868	98.938	-10.733
29.664	0.583	21.862	97.676	-9.923
29.692	0.663	18.012	98.093	-9.032
29.721	0.654	14.804	97.590	-8.098
29.749	0.663	11.918	97.713	-7.130
29.777	0.650	9.401	97.946	-6.146
29.806	0.646	7.181	97.995	-5.157
29.839	0.688	4.834	98.105	-3.951
29.869	0.617	3.149	98.791	-3.073
29.897	0.705	1.774	97.676	-2.241
29.925	0.604	0.683	98.730	-1.604
29.954	0.591	0.093	98.926	-0.993
29.981	0.604	0.042	98.595	-0.514
