D Time (seconds)	Pitot Pressure (PSIG)	Plenum Pressure (PSIG)	Tank Pressure (PSIG)
0.000	0.625	-0.161	100.630	0.399
0.029	0.692	-0.144	100.090	0.403
0.059	0.650	-0.161	100.237	0.420
0.087	0.612	-0.136	100.139	0.412
0.117	0.612	-0.144	100.458	0.382
0.146	0.579	-0.123	100.605	0.369
0.176	0.654	-0.127	100.225	0.344
0.205	0.688	-0.132	100.090	0.403
0.234	0.617	-0.106	100.188	0.378
0.265	0.692	-0.165	100.568	0.403
0.294	0.650	-0.182	101.071	0.399
0.323	0.659	-0.165	100.997	0.365
0.351	0.654	-0.110	100.066	0.382
0.380	0.629	-0.123	100.666	0.344
0.410	0.617	-0.093	99.674	0.378
0.440	0.638	-0.161	100.384	0.420
0.469	0.604	-0.149	100.887	0.365
0.498	0.596	-0.093	100.397	0.361
0.526	0.692	-0.144	100.029	0.403
0.555	0.650	-0.115	100.115	0.378
0.584	0.608	-0.123	100.777	0.348
0.613	0.596	-0.149	100.801	0.369
0.642	0.629	-0.115	100.152	0.348
0.671	0.583	-0.149	100.642	0.386
0.699	0.596	-0.127	100.470	0.374
0.729	0.587	-0.144	100.703	0.374
0.758	0.625	-0.110	100.139	0.357
0.787	0.621	-0.165	101.169	0.361
0.820	0.663	-0.153	100.103	0.399
0.850	0.671	-0.144	100.004	0.399
0.880	0.667	-0.149	100.286	0.395
0.910	0.671	-0.119	99.980	0.390
0.943	0.675	-0.127	100.017	0.390
0.973	0.621	-0.144	100.642	0.378
1.003	0.608	-0.127	100.409	0.369
1.032	0.625	-0.136	100.838	0.357
1.064	0.583	-0.115	100.519	0.365
1.091	0.667	-0.144	100.029	0.399
1.120	0.625	-0.161	100.654	0.407
1.150	0.650	-0.123	99.919	0.382
1.180	0.579	-0.081	99.723	0.382
1.209	0.608	-0.085	99.747	0.378
1.237	0.692	-0.199	101.107	0.386
1.267	0.575	-0.102	100.323	0.378
1.296	0.591	-0.132	100.580	0.365
1.326	0.713	-0.149	100.519	0.382
1.356	0.688	-0.136	99.919	0.403
1.386	0.638	-0.191	101.230	0.365
1.414	0.625	-0.102	99.784	0.395
1.445	0.717	-0.174	100.152	0.424
1.474	0.671	-0.178	100.580	0.403
1.502	0.591	-0.110	100.691	0.369
1.531	0.659	-0.161	100.556	0.395
1.559	0.604	-0.098	100.103	0.365
1.587	0.612	-0.106	100.078	0.386
1.615	0.650	-0.119	100.348	0.357
1.646	0.596	-0.127	100.568	0.386
1.679	0.621	-0.149	100.630	0.403
1.709	0.705	-0.161	100.348	0.416
1.738	0.722	-0.187	100.556	0.399
1.766	0.642	-0.132	100.764	0.331
1.797	0.625	-0.165	101.242	0.340
1.826	0.692	-0.136	100.078	0.374
1.855	0.642	-0.136	100.924	0.335
1.885	0.625	-0.165	101.193	0.352
1.915	0.705	-0.165	100.409	0.403
1.945	0.633	-0.102	99.931	0.365
1.975	0.625	-0.123	100.286	0.361
2.005	0.680	-0.182	100.482	0.407
2.035	0.646	-0.144	100.715	0.382
2.064	0.667	-0.136	100.066	0.386
2.092	0.621	-0.157	100.801	0.399
2.126	0.663	-0.144	99.955	0.420
2.156	0.579	-0.127	100.482	0.390
2.186	0.667	-0.182	101.071	0.386
2.216	0.608	-0.149	100.911	0.357
2.244	0.654	-0.123	99.833	0.407
2.273	0.675	-0.165	100.262	0.403
2.302	0.638	-0.136	99.894	0.416
2.330	0.680	-0.136	99.833	0.407
2.360	0.667	-0.132	100.262	0.365
2.390	0.663	-0.174	100.899	0.386
2.418	0.646	-0.127	100.115	0.369
2.448	0.642	-0.161	100.593	0.395
2.477	0.663	-0.174	100.617	0.399
2.506	0.654	-0.127	100.360	0.361
2.536	0.675	-0.132	100.115	0.378
2.565	0.617	-0.119	100.311	0.369
2.593	0.696	-0.165	100.262	0.403
2.621	0.617	-0.161	100.850	0.374
2.651	0.596	-0.123	100.470	0.348
2.680	0.650	-0.157	100.997	0.382
2.709	0.680	-0.123	100.201	0.361
2.737	0.596	-0.127	100.580	0.416
2.767	0.675	-0.149	100.433	0.403
2.795	0.633	-0.127	100.409	0.344
2.825	0.608	-0.127	100.801	0.357
2.855	0.646	-0.161	100.286	0.403
2.883	0.688	-0.140	100.017	0.395
2.912	0.629	-0.110	100.348	0.352
2.942	0.659	-0.132	99.882	0.382
2.971	0.692	-0.144	100.066	0.382
2.999	0.680	-0.127	99.992	0.382
3.029	0.663	-0.165	100.274	0.395
3.058	0.583	-0.081	99.637	0.382
3.086	0.688	-0.140	99.968	0.407
3.114	0.629	-0.123	100.654	0.352
3.143	0.654	-0.149	100.250	0.357
3.172	0.612	-0.119	100.458	0.344
3.201	0.600	-0.119	100.127	0.361
3.230	0.633	-0.153	100.556	0.416
3.260	0.671	-0.132	100.139	0.357
3.289	0.579	-0.089	100.090	0.378
3.323	0.617	-0.089	99.992	0.369
3.353	0.604	-0.132	100.642	0.399
3.384	0.675	-0.153	100.054	0.407
3.413	0.659	-0.127	99.870	0.378
3.442	0.604	-0.149	100.862	0.365
3.471	0.596	-0.119	100.556	0.348
3.500	0.625	-0.136	100.691	0.344
3.529	0.675	-0.144	100.115	0.378
3.559	0.675	-0.132	100.274	0.369
3.587	0.617	-0.153	100.605	0.399
3.615	0.617	-0.136	100.875	0.357
3.643	0.667	-0.170	100.728	0.374
3.674	0.638	-0.149	101.107	0.357
3.703	0.667	-0.123	99.796	0.403
3.732	0.575	-0.093	99.772	0.374
3.761	0.633	-0.110	99.906	0.382
3.791	0.646	-0.115	99.735	0.399
3.821	0.612	-0.157	100.826	0.378
3.851	0.642	-0.157	100.630	0.390
3.880	0.659	-0.161	100.875	0.386
3.908	0.696	-0.174	100.360	0.382
3.939	0.663	-0.174	100.911	0.365
3.968	0.671	-0.153	100.470	0.395
3.997	0.659	-0.132	99.919	0.395
4.027	0.612	-0.140	100.813	0.348
4.056	0.675	-0.157	100.201	0.407
4.085	0.629	-0.153	100.813	0.361
4.113	0.633	-0.115	100.311	0.340
4.142	0.675	-0.157	100.311	0.403
4.171	0.642	-0.165	101.058	0.369
4.201	0.654	-0.119	99.857	0.357
4.231	0.617	-0.127	100.777	0.340
4.260	0.667	-0.161	100.262	0.416
4.290	0.659	-0.174	100.372	0.412
4.319	0.633	-0.102	99.698	0.378
4.348	0.579	3.472	100.311	0.628
4.377	0.617	5.624	100.262	0.323
4.405	0.604	6.727	99.808	-0.030
4.433	0.659	7.831	99.833	-0.348
4.461	0.671	9.129	99.637	-0.505
4.490	0.604	7.270	100.752	-0.560
4.519	0.646	5.131	99.931	-0.530
4.548	0.633	4.164	99.539	-0.420
4.577	0.650	4.851	100.360	-0.386
4.606	0.663	7.550	100.029	-0.403
4.633	0.608	10.857	100.152	-0.662
4.661	0.692	14.103	100.004	-0.993
4.690	0.696	17.100	99.906	-1.451
4.719	0.650	19.655	100.458	-1.893
4.747	0.617	21.908	100.041	-2.300
4.775	0.650	24.043	100.213	-2.678
4.808	0.629	26.479	100.152	-3.204
4.837	0.625	28.678	99.612	-3.624
4.866	0.667	30.821	100.054	-4.019
4.894	0.621	32.952	100.372	-4.444
4.923	0.667	34.938	99.772	-4.796
4.953	0.600	37.081	100.017	-5.216
4.983	0.675	38.928	99.563	-5.505
5.011	0.684	40.731	99.183	-5.831
5.039	0.604	42.569	99.527	-6.133
5.067	0.692	44.275	99.294	-6.443
5.095	0.629	45.918	100.041	-6.710
5.123	0.663	47.480	99.723	-6.948
5.151	0.671	49.046	98.816	-7.207
5.179	0.684	50.531	99.134	-7.431
5.208	0.646	52.042	98.803	-7.652
5.236	0.663	53.383	98.901	-7.639
5.265	0.671	54.690	99.122	-7.618
5.294	0.612	56.027	98.509	-7.767
5.323	0.696	57.211	98.877	-8.038
5.351	0.646	58.425	98.350	-8.382
5.384	0.659	59.567	98.987	-8.705
5.412	0.646	60.607	98.375	-9.019
5.440	0.579	61.664	98.669	-9.312
5.469	0.667	62.674	97.958	-9.571
5.498	0.663	63.493	97.995	-9.808
5.527	0.587	64.401	98.252	-10.105
5.557	0.583	65.297	98.044	-10.322
5.585	0.583	65.976	98.571	-10.542
5.613	0.667	66.731	97.553	-10.725
5.642	0.633	67.300	98.375	-10.946
5.670	0.612	68.026	98.399	-11.141
5.700	0.600	68.667	98.264	-11.298
5.729	0.659	69.299	97.357	-11.476
5.758	0.579	69.842	98.129	-11.650
5.787	0.688	70.220	98.129	-11.811
5.817	0.650	70.767	97.566	-11.926
5.846	0.684	71.340	97.553	-12.066
5.875	0.571	71.722	97.602	-12.206
5.905	0.596	72.126	97.284	-12.334
5.935	0.638	72.469	96.941	-12.427
5.964	0.575	72.868	97.235	-12.546
5.993	0.654	73.157	97.198	-12.592
6.022	0.650	73.433	97.259	-12.728
6.052	0.671	73.653	97.455	-12.792
6.083	0.571	73.968	97.100	-12.860
6.111	0.654	74.133	97.063	-12.894
6.139	0.675	74.294	96.659	-12.953
6.169	0.600	74.490	96.254	-13.017
6.199	0.629	74.685	96.855	-13.051
6.228	0.667	74.855	95.923	-13.068
6.257	0.571	75.037	96.291	-13.110
6.286	0.654	75.029	96.487	-13.119
6.316	0.625	75.190	96.487	-13.148
6.346	0.591	75.300	96.671	-13.221
6.376	0.575	75.419	95.801	-13.216
6.405	0.642	75.372	96.867	-13.216
6.436	0.629	75.652	96.021	-13.238
6.465	0.642	75.708	95.948	-13.246
6.494	0.617	75.780	96.218	-13.221
6.524	0.583	75.788	96.046	-13.254
6.553	0.654	75.814	95.053	-13.216
6.583	0.608	75.865	95.237	-13.242
6.612	0.604	75.843	95.960	-13.246
6.640	0.650	75.937	95.237	-13.238
6.668	0.608	75.988	94.673	-13.229
6.698	0.675	75.916	94.857	-13.238
6.727	0.671	75.967	95.090	-13.229
6.755	0.654	75.941	95.115	-13.263
6.785	0.625	75.903	95.691	-13.259
6.815	0.701	76.026	94.943	-13.233
6.844	0.646	76.013	95.066	-13.216
6.874	0.621	76.111	94.673	-13.263
6.903	0.596	75.988	95.311	-13.263
6.932	0.583	76.077	94.686	-13.238
6.961	0.604	75.945	94.931	-13.250
6.990	0.638	76.026	93.877	-13.233
7.019	0.650	75.975	93.877	-13.229
7.052	0.663	75.928	94.771	-13.246
7.082	0.566	75.903	94.110	-13.271
7.111	0.579	75.877	94.441	-13.250
7.139	0.612	75.894	93.840	-13.271
7.168	0.638	75.822	94.722	-13.267
7.198	0.629	75.877	94.342	-13.263
7.227	0.667	75.937	93.779	-13.259
7.257	0.625	75.822	93.007	-13.259
7.287	0.701	75.907	93.178	-13.250
7.316	0.621	75.737	94.110	-13.263
7.346	0.608	75.657	93.717	-13.246
7.378	0.625	75.665	93.460	-13.250
7.409	0.633	75.623	93.497	-13.293
7.438	0.638	75.661	92.958	-13.263
7.468	0.608	75.538	93.288	-13.288
7.498	0.642	75.483	93.019	-13.263
7.526	0.671	75.343	93.325	-13.267
7.556	0.621	75.368	93.742	-13.284
7.589	0.571	75.440	93.031	-13.293
7.623	0.591	75.351	93.056	-13.276
7.651	0.608	75.296	92.994	-13.284
7.679	0.591	75.330	91.916	-13.263
7.709	0.667	75.190	92.222	-13.254
7.739	0.650	75.237	92.087	-13.263
7.768	0.587	75.249	92.259	-13.288
7.798	0.638	75.228	91.769	-13.250
7.828	0.583	75.033	93.117	-13.293
7.858	0.629	75.041	92.345	-13.284
7.887	0.612	74.995	92.480	-13.293
7.915	0.571	74.956	91.879	-13.293
7.945	0.638	74.825	92.296	-13.288
7.974	0.629	74.829	92.320	-13.259
8.003	0.663	74.787	91.560	-13.246
8.032	0.680	74.791	91.205	-13.259
8.061	0.684	74.757	91.781	-13.293
8.091	0.650	74.574	92.296	-13.288
8.121	0.696	74.574	91.328	-13.263
8.150	0.617	74.485	91.879	-13.322
8.178	0.591	74.562	91.536	-13.301
8.208	0.612	74.532	90.874	-13.301
8.237	0.579	74.519	91.205	-13.297
8.267	0.621	74.481	90.727	-13.301
8.297	0.684	74.256	91.107	-13.263
8.326	0.612	74.231	91.573	-13.301
8.355	0.638	74.150	90.507	-13.267
8.385	0.654	74.167	90.323	-13.259
8.413	0.633	74.159	91.462	-13.318
8.443	0.654	74.120	90.445	-13.276
8.473	0.650	74.035	90.065	-13.276
8.503	0.625	73.955	90.972	-13.293
8.533	0.621	74.010	89.980	-13.301
8.562	0.667	73.878	90.470	-13.280
8.592	0.625	73.921	89.931	-13.327
8.622	0.633	73.870	90.727	-13.301
8.651	0.671	73.692	90.788	-13.297
8.679	0.650	73.751	90.041	-13.322
8.707	0.650	73.611	89.600	-13.267
8.737	0.612	73.624	90.151	-13.327
8.768	0.625	73.479	90.041	-13.284
8.797	0.625	73.505	89.624	-13.322
8.826	0.612	73.437	89.820	-13.327
8.856	0.625	73.416	89.477	-13.331
8.886	0.591	73.305	89.820	-13.331
8.915	0.629	73.267	88.877	-13.305
8.945	0.604	73.178	89.698	-13.301
8.974	0.566	73.195	89.342	-13.331
9.003	0.596	73.148	88.852	-13.322
9.032	0.629	73.008	89.832	-13.314
9.061	0.571	73.013	89.207	-13.322
9.090	0.692	72.945	89.011	-13.310
9.120	0.604	72.979	89.183	-13.356
9.150	0.566	72.953	88.607	-13.331
9.178	0.642	72.699	89.085	-13.314
9.206	0.596	72.707	88.729	-13.348
9.240	0.621	72.699	88.705	-13.348
9.270	0.688	72.563	88.386	-13.310
9.299	0.617	72.452	88.276	-13.344
9.329	0.659	72.389	88.276	-13.314
9.358	0.587	72.423	88.546	-13.322
9.390	0.587	72.334	88.570	-13.331
9.420	0.642	72.274	88.680	-13.344
9.450	0.705	72.257	88.117	-13.314
9.480	0.596	72.236	88.264	-13.339
9.509	0.646	72.176	87.528	-13.327
9.538	0.621	72.109	87.614	-13.339
9.566	0.713	72.041	87.994	-13.318
9.595	0.604	72.028	87.810	-13.344
9.625	0.675	71.922	87.479	-13.327
9.653	0.591	71.858	87.369	-13.348
9.682	0.667	71.795	87.112	-13.335
9.710	0.633	71.761	87.774	-13.373
9.739	0.629	71.705	87.872	-13.339
9.768	0.692	71.616	87.247	-13.331
9.798	0.671	71.523	87.394	-13.352
9.827	0.663	71.514	87.099	-13.339
9.856	0.625	71.544	86.695	-13.356
9.886	0.684	71.370	86.622	-13.339
9.916	0.587	71.413	87.222	-13.356
9.946	0.646	71.272	87.320	-13.339
9.976	0.608	71.281	87.149	-13.373
10.006	0.600	71.230	86.928	-13.352
10.035	0.617	71.060	87.381	-13.348
10.065	0.596	71.052	86.720	-13.352
10.094	0.583	71.014	86.769	-13.348
10.124	0.671	70.971	86.315	-13.348
10.154	0.575	70.967	86.474	-13.356
10.186	0.638	70.814	86.413	-13.339
10.217	0.591	70.857	85.984	-13.352
10.247	0.587	70.763	86.364	-13.356
10.276	0.591	70.678	86.536	-13.369
10.305	0.667	70.627	85.911	-13.335
10.335	0.650	70.462	86.720	-13.352
10.364	0.600	70.513	85.347	-13.356
10.394	0.659	70.458	85.604	-13.331
10.423	0.617	70.385	86.119	-13.356
10.452	0.617	70.364	85.776	-13.378
10.481	0.591	70.284	86.144	-13.356
10.515	0.566	70.245	85.543	-13.369
10.545	0.688	70.059	85.371	-13.352
10.575	0.646	70.054	84.906	-13.348
10.604	0.600	70.003	85.175	-13.373
10.634	0.650	69.953	85.849	-13.348
10.663	0.654	70.033	84.930	-13.369
10.692	0.583	69.885	85.408	-13.369
10.720	0.617	69.825	85.408	-13.382
10.748	0.587	69.808	84.636	-13.378
10.779	0.587	69.838	84.624	-13.373
10.808	0.663	69.698	85.065	-13.327
10.842	0.675	69.575	84.661	-13.373
10.872	0.642	69.511	85.384	-13.356
10.905	0.591	69.507	85.028	-13.352
10.935	0.629	69.439	85.126	-13.356
10.965	0.612	69.358	85.016	-13.365
10.995	0.642	69.346	84.011	-13.369
11.023	0.571	69.337	84.207	-13.373
11.052	0.654	69.163	84.036	-13.369
11.081	0.650	69.155	83.729	-13.356
11.110	0.583	69.121	84.526	-13.378
11.144	0.604	69.065	83.791	-13.382
11.174	0.558	68.985	84.036	-13.361
11.202	0.654	68.904	84.170	-13.348
11.230	0.654	68.879	83.496	-13.352
11.260	0.675	68.883	83.411	-13.344
11.289	0.659	68.777	83.815	-13.378
11.319	0.579	68.684	83.938	-13.407
11.348	0.591	68.586	83.974	-13.373
11.381	0.583	68.493	83.864	-13.386
11.411	0.591	68.382	83.840	-13.386
11.441	0.642	68.374	84.011	-13.373
11.471	0.646	68.454	83.031	-13.352
11.500	0.642	68.420	83.509	-13.390
11.530	0.583	68.382	83.141	-13.390
11.560	0.566	68.331	83.276	-13.390
11.590	0.608	68.161	83.545	-13.369
11.620	0.591	68.089	83.337	-13.412
11.649	0.684	68.051	82.712	-13.361
11.679	0.583	67.996	83.104	-13.361
11.707	0.633	67.954	82.283	-13.365
11.734	0.654	67.894	82.724	-13.407
11.763	0.654	67.903	82.663	-13.386
11.793	0.650	67.796	82.467	-13.361
11.823	0.633	67.741	83.300	-13.390
11.852	0.633	67.559	82.933	-13.378
11.881	0.642	67.635	81.964	-13.373
11.911	0.646	67.563	82.026	-13.395
11.941	0.650	67.504	82.308	-13.361
11.971	0.596	67.474	82.467	-13.395
12.001	0.680	67.338	82.810	-13.390
12.030	0.692	67.274	82.344	-13.407
12.058	0.680	67.257	82.810	-13.403
12.088	0.654	67.245	81.683	-13.365
12.118	0.671	67.245	81.450	-13.395
12.148	0.638	67.190	82.099	-13.369
12.178	0.692	67.083	82.124	-13.390
12.207	0.591	67.096	81.707	-13.412
12.234	0.583	66.977	81.425	-13.420
12.264	0.642	66.977	81.327	-13.399
12.293	0.596	66.926	81.670	-13.386
12.321	0.646	66.875	81.474	-13.416
12.350	0.675	66.782	81.732	-13.390
12.380	0.621	66.735	81.707	-13.386
12.410	0.625	66.689	82.013	-13.437
12.440	0.621	66.646	81.094	-13.407
12.469	0.579	66.591	81.205	-13.424
12.499	0.642	66.464	81.683	-13.403
12.528	0.629	66.502	81.058	-13.378
12.557	0.663	66.421	80.837	-13.378
12.586	0.667	66.353	80.861	-13.361
12.616	0.625	66.336	81.450	-13.424
12.646	0.587	66.341	81.229	-13.428
12.675	0.579	66.213	80.567	-13.407
12.704	0.617	66.218	80.763	-13.433
12.732	0.650	66.129	80.763	-13.382
12.760	0.646	66.022	79.991	-13.378
12.790	0.663	65.993	80.175	-13.399
12.820	0.663	65.916	80.420	-13.433
12.850	0.604	65.878	81.033	-13.428
12.879	0.667	65.806	80.469	-13.390
12.908	0.625	65.840	79.550	-13.395
12.937	0.667	65.789	79.795	-13.373
12.968	0.654	65.751	79.771	-13.382
12.998	0.659	65.645	80.310	-13.399
13.028	0.659	65.632	79.501	-13.386
13.058	0.675	65.556	79.624	-13.403
13.088	0.608	65.471	79.967	-13.433
13.118	0.629	65.390	79.182	-13.407
13.146	0.621	65.458	79.256	-13.412
13.176	0.696	65.292	79.783	-13.420
13.206	0.650	65.301	79.538	-13.450
13.234	0.612	65.275	79.575	-13.454
13.263	0.633	65.148	79.758	-13.412
13.292	0.608	65.110	79.611	-13.454
13.321	0.621	65.093	79.660	-13.433
13.350	0.692	65.017	79.305	-13.428
13.384	0.612	64.949	79.709	-13.433
13.413	0.621	64.889	79.807	-13.441
13.443	0.583	64.868	79.109	-13.441
13.472	0.596	64.843	79.538	-13.428
13.501	0.612	64.775	79.611	-13.437
13.531	0.701	64.677	78.901	-13.437
13.561	0.608	64.698	79.084	-13.467
13.590	0.667	64.609	78.545	-13.450
13.619	0.575	64.622	79.195	-13.450
13.649	0.579	64.558	79.060	-13.441
13.678	0.646	64.499	78.876	-13.450
13.708	0.659	64.435	78.974	-13.454
13.737	0.659	64.380	78.386	-13.462
13.765	0.667	64.320	78.263	-13.424
13.795	0.596	64.363	78.349	-13.467
13.826	0.667	64.219	78.239	-13.467
13.860	0.621	64.210	78.692	-13.433
13.894	0.646	64.142	77.994	-13.462
13.927	0.671	64.087	77.896	-13.445
13.958	0.608	64.002	78.839	-13.479
13.990	0.638	63.951	78.276	-13.437
14.021	0.608	63.845	78.557	-13.445
14.051	0.667	63.773	78.472	-13.441
14.080	0.604	63.688	78.557	-13.471
14.109	0.571	63.790	77.957	-13.479
