1.0000	1.0000	1.0000
1.0005	1.0502	0.9968
1.0019	1.1004	0.9938
1.0043	1.1505	0.9909
1.0076	1.2008	0.9880
1.0371	1.4545	0.9758
1.0876	1.7162	0.9671
1.1583	1.9911	0.9623
1.2487	2.2843	0.9624
1.3855	2.6743	0.9705
1.5529	3.1076	0.9897
1.7529	3.5932	1.0232
1.9881	4.1410	1.0754
2.3590	4.9782	1.1831
2.8081	5.9673	1.3504
3.3484	7.1349	1.6024
3.9942	8.5094	1.9751
5.0244	10.6590	2.7300
6.3068	13.2645	3.9310
7.8780	16.3151	5.8004
9.7527	19.6813	8.6409
11.3509	22.2595	11.6160
13.0768	24.6112	15.4673
14.8586	26.3928	20.2325
16.5739	27.1887	25.7830
17.7288	26.8670	30.3144
18.6675	25.5929	34.8560
19.3053	23.3252	39.1045
19.5741	20.1443	42.7545
19.4269	16.2515	45.5168
18.8470	11.9941	47.2332
17.8556	7.7189	47.8801
16.5154	3.7157	47.5502
15.0371	0.4514	46.5538
13.4055	-2.2722	45.0984
11.6934	-4.4255	43.3668
9.9640	-6.0458	41.5293
8.5908	-7.0193	40.0595
7.2619	-7.7362	38.6416
5.9932	-8.2402	37.3039
4.7955	-8.5731	36.0625
2.8869	-8.8565	34.1349
1.2260	-8.8881	32.5095
-0.1958	-8.7843	31.1529
-1.3967	-8.6228	30.0222
-2.3078	-8.4673	29.1636
-3.0836	-8.3242	28.4265
-3.7433	-8.2066	27.7904
-4.3058	-8.1225	27.2390
-4.8812	-8.0695	26.6686
-5.3652	-8.0697	26.1897
-5.7780	-8.1213	25.7930
-6.1396	-8.2199	25.4707
-6.4744	-8.3637	25.2125
-6.7825	-8.5439	25.0277
-7.0720	-8.7531	24.9157
-7.3507	-8.9824	24.8754
-7.6714	-9.2652	24.9177
-7.9853	-9.5476	25.0572
-8.2912	-9.8132	25.2903
-8.5868	-10.0447	25.6085
-8.9200	-10.2532	26.0830
-9.2159	-10.3625	26.6348
-9.4582	-10.3529	27.2285
-9.6336	-10.2157	27.8203
-9.7355	-9.9246	28.4085
-9.7325	-9.5102	28.8827
-9.6227	-9.0099	29.1987
-9.4180	-8.4697	29.3326
-9.1171	-7.9063	29.2726
-8.7610	-7.4087	29.0173
-8.3835	-7.0152	28.5969
-8.0173	-6.7484	28.0612
-7.7013	-6.6157	27.4827
-7.4432	-6.6038	26.8802
-7.2568	-6.7065	26.2898
-7.1507	-6.9095	25.7438
-7.1283	-7.2178	25.2424
-7.1989	-7.6096	24.8516
-7.3590	-8.0664	24.5990
-7.5986	-8.5650	24.5059
-7.9559	-9.1608	24.6155
-8.3758	-9.7160	24.9765
-8.8226	-10.1602	25.5790
-9.2447	-10.4250	26.3706
-9.5661	-10.4568	27.1935
-9.7795	-10.2623	28.0056
-9.8514	-9.8534	28.7067
-9.7726	-9.2742	29.2137
-9.5879	-8.6944	29.4478
-9.3103	-8.1068	29.4720
-8.9653	-7.5642	29.2920
-8.5839	-7.1096	28.9381
-8.1705	-6.7480	28.4138
-7.7891	-6.5343	27.7883
-7.4683	-6.4721	27.1118
-7.2292	-6.5474	26.4366
-7.0931	-6.7169	25.8641
-7.0367	-6.9752	25.3514
-7.0612	-7.3111	24.9227
-7.1640	-7.7109	24.5989
-7.4173	-8.3356	24.3546
-7.7898	-9.0051	24.3862
-8.2557	-9.6524	24.7215
-8.7621	-10.1939	25.3500
-9.2017	-10.5151	26.1258
-9.5764	-10.6080	27.0209
-9.8347	-10.4338	27.9319
-9.9396	-10.0008	28.7421
-9.8907	-9.4631	29.2662
-9.7140	-8.8364	29.5751
-9.4251	-8.1880	29.6439
-9.0541	-7.5805	29.4799
-8.5946	-7.0196	29.0736
-8.1304	-6.6171	28.4821
-7.7061	-6.3947	27.7656
-7.3572	-6.3462	27.0027
-7.1420	-6.4225	26.3826
-7.0020	-6.5963	25.7965
-6.9414	-6.8577	25.2694
-6.9604	-7.1944	24.8230
-7.1137	-7.7781	24.3624
-7.4113	-8.4537	24.1575
-7.8361	-9.1675	24.2535
-8.3442	-9.8459	24.6694
-8.8044	-10.3321	25.2722
-9.2494	-10.6532	26.0661
-9.6322	-10.7471	26.9845
-9.9061	-10.5823	27.9279
-10.0261	-10.2145	28.6938
-10.0089	-9.6770	29.3002
-9.8507	-9.0281	29.6853
-9.5689	-8.3339	29.8191
-9.1945	-7.6698	29.7061
-8.7627	-7.0960	29.3710
-8.3135	-6.6523	28.8536
-7.8835	-6.3591	28.2149
-7.5264	-6.2208	27.5606
-7.2326	-6.2080	26.8853
-7.0147	-6.3117	26.2233
-6.8804	-6.5175	25.6040
-6.8312	-6.8430	25.0043
-6.8844	-7.2620	24.5158
-7.0369	-7.7584	24.1672
-7.2801	-8.3128	23.9830
-7.6568	-8.9964	24.0000
-8.1178	-9.6715	24.2942
-8.6316	-10.2673	24.8728
-9.1476	-10.7039	25.7031
-9.5953	-10.8972	26.6779
-9.9356	-10.8096	27.7091
-10.1166	-10.4268	28.6673
-10.1118	-9.7861	29.4312
-9.9629	-9.1235	29.8394
-9.6929	-8.4170	30.0059
-9.3259	-7.7332	29.9261
-8.8954	-7.1288	29.6251
-8.3935	-6.6017	29.0941
-7.9075	-6.2465	28.4100
-7.4764	-6.0726	27.6329
-7.1293	-6.0647	26.8296
-6.9126	-6.1705	26.1643
-6.7753	-6.3724	25.5396
-6.7201	-6.6603	24.9786
-6.7464	-7.0233	24.5013
-6.8813	-7.5469	24.0615
-7.1246	-8.1461	23.8036
-7.4666	-8.7937	23.7574
-7.8880	-9.4532	23.9448
-8.3638	-10.0792	24.3759
-8.8648	-10.6022	25.0478
-9.3512	-10.9509	25.9273
-9.7742	-11.0647	26.9422
-10.0737	-10.9128	27.9398
-10.2318	-10.5091	28.8534
-10.2220	-9.8915	29.5797
-10.0451	-9.1237	30.0446
-9.7645	-8.3949	30.2038
-9.3896	-7.6921	30.1230
-8.9524	-7.0689	29.8220
-8.4873	-6.5642	29.3436
-8.0152	-6.1878	28.7197
-7.5818	-5.9625	28.0085
-7.2114	-5.8848	27.2550
-6.9212	-5.9385	26.5013
-6.7254	-6.0984	25.8028
-6.6173	-6.3557	25.1594
-6.5981	-6.6995	24.5946
-6.6659	-7.1190	24.1288
-6.8516	-7.6989	23.7310
-7.1460	-8.3501	23.5327
-7.5381	-9.0425	23.5640
-8.0065	-9.7348	23.8462
-8.5235	-10.3758	24.3867
-9.0555	-10.8868	25.1757
-9.5577	-11.1901	26.1686
-9.9772	-11.2249	27.2781
-10.2479	-10.9806	28.3080
-10.3658	-10.4849	29.2196
-10.3093	-9.7877	29.9130
-10.0845	-8.9600	30.3222
-9.7592	-8.1870	30.4223
-9.3432	-7.4590	30.2752
-8.8713	-6.8281	29.9074
-8.3793	-6.3294	29.3676
-7.8970	-5.9740	28.7035
-7.4587	-5.7684	27.9637
-7.0863	-5.7063	27.1903
-6.7950	-5.7709	26.4213
-6.5929	-5.9433	25.6895
-6.4822	-6.2143	25.0159
-6.4634	-6.5731	24.4233
-6.5344	-7.0092	23.9322
-6.7253	-7.6076	23.5102
-7.0274	-8.2816	23.2890
-7.4304	-9.0029	23.2999
-7.9141	-9.7324	23.5669
-8.4522	-10.4196	24.1019
-9.0126	-10.9852	24.9008
-9.5509	-11.3472	25.9251
-10.0128	-11.4370	27.0906
-10.3290	-11.2269	28.2076
-10.4869	-10.7387	29.2181
-10.4591	-10.0196	30.0093
-10.2482	-9.1424	30.5034
-9.9300	-8.3269	30.6594
-9.5119	-7.5469	30.5571
-9.0280	-6.8585	30.2208
-8.5147	-6.3011	29.6978
-7.9983	-5.8854	29.0302
-7.5205	-5.6266	28.2728
-7.1055	-5.5186	27.4702
-6.7704	-5.5440	26.6628
-6.5278	-5.6799	25.8954
-6.3750	-5.9160	25.1765
-6.3132	-6.2414	24.5280
-6.3409	-6.6463	23.9690
-6.4802	-7.2071	23.4546
-6.7309	-7.8517	23.1170
-7.0860	-8.5604	22.9869
-7.5305	-9.3054	23.0918
-8.0453	-10.0490	23.4524
-8.6079	-10.7282	24.0833
-9.1841	-11.2696	24.9728
-9.7274	-11.5971	26.0712
-10.1964	-11.6356	27.3217
-10.5168	-11.3370	28.5606
-10.6390	-10.7137	29.6401
-10.5453	-9.8269	30.4381
-10.3089	-8.9780	30.8171
-9.9448	-8.1128	30.9172
-9.4826	-7.3016	30.7473
-8.9591	-6.6000	30.3450
-8.3842	-6.0157	29.7294
-7.8271	-5.6075	28.9727
-7.3217	-5.3760	28.1300
-6.8931	-5.3032	27.2551
-6.5801	-5.3553	26.4595
-6.3506	-5.5108	25.6931
-6.2073	-5.7582	24.9767
-6.1506	-6.0870	24.3282
-6.2129	-6.6905	23.5436
-6.4448	-7.4302	22.9842
-6.8390	-8.2798	22.7025
-7.3706	-9.2032	22.7503
-7.9115	-10.0116	23.0862
-8.5116	-10.7673	23.7178
-9.1360	-11.3902	24.6402
-9.7347	-11.7933	25.8071
-10.2606	-11.8878	27.1576
-10.6323	-11.6111	28.5175
-10.7915	-10.9669	29.7204
-10.7145	-10.0183	30.6261
-10.4810	-9.1177	31.0616
-10.1097	-8.1919	31.2024
-9.6305	-7.3172	31.0557
-9.0817	-6.5541	30.6596
-8.4746	-5.9127	30.0367
-7.8805	-5.4550	29.2608
-7.3358	-5.1821	28.3895
-6.8667	-5.0751	27.4793
-6.5192	-5.0997	26.6528
-6.2547	-5.2293	25.8503
-6.0761	-5.4516	25.0921
-5.9841	-5.7559	24.3950
-5.9941	-6.3077	23.5471
-6.1653	-6.9923	22.8915
-6.4921	-7.7921	22.4732
-6.9571	-8.6857	22.3399
-7.4715	-9.5352	22.4986
-8.0666	-10.3805	22.9549
-8.7155	-11.1520	23.7241
-9.3757	-11.7631	24.7890
-9.9042	-12.0827	25.8825
-10.3637	-12.1586	27.0851
-10.7135	-11.9531	28.3099
-10.9194	-11.4617	29.4557
-10.9563	-10.7135	30.4152
-10.8119	-9.7866	31.1001
-10.4936	-8.7735	31.4586
-10.0306	-7.7637	31.4805
-9.4059	-6.7613	31.1584
-8.7189	-5.9454	30.5355
-8.0303	-5.3547	29.6871
-7.3896	-4.9914	28.7125
-6.9165	-4.8431	27.8598
-6.5178	-4.8215	26.9981
-6.2018	-4.9110	26.1530
-5.9726	-5.0959	25.3447
-5.8137	-5.4205	24.4590
-5.7737	-5.8495	23.6706
-5.8495	-6.3737	23.0025
-6.0350	-6.9871	22.4789
-6.3746	-7.7976	22.0860
-6.8455	-8.7008	21.9645
-7.4363	-9.6604	22.1599
-8.1205	-10.6174	22.7101
-8.8430	-11.4714	23.6065
-9.5727	-12.1194	24.8457
-10.2444	-12.4360	26.3566
-10.7782	-12.3277	27.9940
-11.0674	-11.8498	29.3514
-11.1548	-11.0554	30.5064
-11.0192	-10.0275	31.3402
-10.6740	-8.8663	31.7842
-10.2199	-7.8274	31.8374
-9.6611	-6.8726	31.5916
-9.0400	-6.0591	31.0898
-8.3984	-5.4197	30.3968
-7.7898	-4.9701	29.6007
-7.2275	-4.6846	28.7293
-6.7320	-4.5492	27.8228
-6.3173	-4.5424	26.9139
-5.9819	-4.6476	25.9999
-5.7421	-4.8530	25.1284
-5.5977	-5.1463	24.3166
-5.5464	-5.5186	23.5793
-5.5981	-6.0452	22.8328
-5.7667	-6.6676	22.2296
-6.0485	-7.3802	21.7962
-6.4360	-8.1762	21.5627
-6.9205	-9.0420	21.5606
-7.4956	-9.9482	21.8273
-8.1456	-10.8469	22.3925
-8.8435	-11.6700	23.2696
-9.4641	-12.2609	24.2858
-10.0592	-12.6548	25.5027
-10.5884	-12.7858	26.8594
-11.0088	-12.6088	28.2652
-11.2804	-12.1023	29.6062
-11.3672	-11.3019	30.7564
-11.2506	-10.2784	31.6131
-10.9394	-9.1220	32.1132
-10.4885	-8.0064	32.2397
-9.9198	-6.9654	32.0471
-9.2758	-6.0634	31.5776
-8.5997	-5.3391	30.8970
-7.9459	-4.8124	30.0935
-7.3323	-4.4597	29.2016
-6.7821	-4.2669	28.2643
-6.3112	-4.2107	27.3168
-5.9226	-4.2688	26.3704
-5.6274	-4.4279	25.4582
-5.4255	-4.6739	24.5962
-5.3151	-4.9968	23.7974
-5.2969	-5.4742	22.9442
-5.3981	-6.0480	22.2176
-5.6153	-6.7152	21.6406
-5.9416	-7.4748	21.2405
-6.3706	-8.3223	21.0474
-6.9002	-9.2419	21.0987
-7.5217	-10.2028	21.4311
-8.2171	-11.1544	22.0751
-8.9001	-11.9627	22.9587
-9.5940	-12.6224	24.1177
-10.2580	-13.0469	25.5151
-10.8423	-13.1577	27.0714
-11.2947	-12.8902	28.6717
-11.5589	-12.2391	30.1579
-11.5948	-11.2514	31.3822
-11.3946	-10.0147	32.2343
-11.0359	-8.8330	32.6198
-10.5300	-7.6685	32.6611
-9.9137	-6.6022	32.3846
-9.2295	-5.6922	31.8463
-8.5126	-4.9605	31.1062
-7.8118	-4.4253	30.2284
-7.1592	-4.0779	29.2669
-6.5780	-3.8941	28.2692
-6.0980	-3.8445	27.3040
-5.7039	-3.9029	26.3561
-5.3980	-4.0525	25.4417
-5.1798	-4.2795	24.5731
-5.0201	-4.6825	23.5137
-5.0006	-5.1937	22.5711
-5.1159	-5.8081	21.7669
-5.3571	-6.5286	21.1272
-5.7023	-7.3283	20.6939
-6.1590	-8.2266	20.4764
-6.7241	-9.2097	20.5138
-7.3878	-10.2489	20.8484
-8.2149	-11.4062	21.6056
-9.1105	-12.4550	22.8164
-10.0169	-13.2415	24.4694
-10.8456	-13.5993	26.4603
-11.3279	-13.5049	27.9729
-11.6787	-13.0883	29.4571
-11.8629	-12.3562	30.8034
-11.8606	-11.3519	31.9117
-11.6648	-10.1550	32.6978
-11.2845	-8.8754	33.1178
-10.7454	-7.6159	33.1671
-10.0872	-6.4619	32.8796
-9.3166	-5.4289	32.2842
-8.5191	-4.6183	31.4624
-7.7420	-4.0380	30.4863
-7.0214	-3.6677	29.4286
-6.4428	-3.4852	28.4544
-5.9412	-3.4251	27.4786
-5.5221	-3.4673	26.5204
-5.1879	-3.5937	25.5932
-4.8961	-3.8373	24.5340
-4.7191	-4.1680	23.5460
-4.6512	-4.5769	22.6409
-4.6855	-5.0621	21.8308
-4.8562	-5.7652	20.9872
-5.1686	-6.5928	20.3359
-5.6225	-7.5476	19.9157
-6.2110	-8.6291	19.7776
-6.8484	-9.6968	19.9418
-7.5860	-10.8177	20.4326
-8.4075	-11.9289	21.2938
-9.2811	-12.9344	22.5474
-10.0072	-13.5970	23.8697
-10.6997	-14.0166	25.4160
-11.3135	-14.1141	27.1147
-11.8000	-13.8357	28.8585
-12.1136	-13.1560	30.5125
-12.2126	-12.1206	31.9276
-12.0751	-10.8174	32.9840
-11.7095	-9.3569	33.6095
-11.1820	-7.9612	33.7859
-10.5138	-6.6581	33.5895
-9.7516	-5.5229	33.0735
-8.9431	-4.5994	32.3162
-8.1642	-3.9203	31.4363
-7.4187	-3.4367	30.4601
-6.7317	-3.1295	29.4330
-6.1206	-2.9704	28.3910
-5.5880	-2.9298	27.3436
-5.1465	-2.9899	26.3214
-4.7961	-3.1317	25.3363
-4.5343	-3.3404	24.3965
-4.3136	-3.7071	23.2260
-4.2306	-4.1651	22.1582
-4.2777	-4.7113	21.2060
-4.4441	-5.3534	20.3866
-4.6949	-6.0358	19.7706
-5.0423	-6.8144	19.3045
-5.4877	-7.6935	19.0152
-6.0304	-8.6728	18.9369
-6.7631	-9.8947	19.1520
-7.6168	-11.1922	19.7624
-8.5729	-12.4823	20.8307
-9.5897	-13.6315	22.3885
-10.3610	-14.3010	23.8861
-11.0900	-14.6940	25.6126
-11.7282	-14.7261	27.4858
-12.2243	-14.3430	29.3858
-12.5302	-13.5237	31.1638
-12.6034	-12.3276	32.6605
-12.4233	-10.8585	33.7523
-12.0014	-9.2401	34.3694
-11.4112	-7.7114	34.5059
-10.6753	-6.3003	34.2478
-9.8441	-5.0835	33.6584
-8.9680	-4.1023	32.8254
-8.1425	-3.3969	31.8951
-7.3524	-2.8922	30.8769
-6.6218	-2.5658	29.8148
-5.9673	-2.3872	28.7427
-5.3873	-2.3253	27.6617
-4.8984	-2.3616	26.6073
-4.5001	-2.4752	25.5895
-4.1892	-2.6502	24.6144
-3.9075	-2.9501	23.4256
-3.7509	-3.3219	22.3208
-3.7101	-3.7607	21.3066
-3.7739	-4.2715	20.3914
-3.9251	-4.8370	19.6190
-4.1651	-5.4859	18.9597
-4.4948	-6.2279	18.4308
-4.9149	-7.0735	18.0559
-5.4666	-8.1004	17.8585
-6.1305	-9.2543	17.9186
-6.9079	-10.5171	18.2926
-7.7925	-11.8437	19.0412
-8.6885	-13.0597	20.1114
-9.6369	-14.1658	21.5858
-10.5954	-15.0329	23.4603
-11.5012	-15.5166	25.6686
-12.2807	-15.4702	28.0866
-12.8388	-14.8091	30.4779
-13.0946	-13.5412	32.5905
-13.0070	-11.7688	34.2116
-12.6727	-10.0856	35.0510
-12.1184	-8.3577	35.4109
-11.3816	-6.7158	35.3128
-10.5133	-5.2592	34.8226
-9.5849	-4.0652	34.0503
-8.6361	-3.1309	33.0752
-7.7111	-2.4504	31.9721
-6.8430	-1.9923	30.8078
-6.1167	-1.7313	29.7279
-5.4675	-1.5961	28.6548
-4.9005	-1.5607	27.6038
-4.4169	-1.6023	26.5838
-3.9677	-1.7189	25.4742
-3.6154	-1.8921	24.4138
-3.3526	-2.1091	23.4047
-3.1713	-2.3626	22.4481
-3.0592	-2.6654	21.5018
-3.0210	-3.0057	20.6157
-3.0516	-3.3865	19.7922
-3.1460	-3.8144	19.0351
-3.3009	-4.2979	18.3497
-3.5171	-4.8451	17.7430
-3.7965	-5.4654	17.2250
-4.1409	-6.1688	16.8092
-4.6610	-7.1647	16.4629
-5.2958	-8.3156	16.3426
-6.0534	-9.6223	16.5056
-6.9383	-11.0643	17.0230
-7.9313	-12.5720	17.9536
-9.0307	-14.0673	19.3918
-10.1984	-15.3962	21.3862
-11.3629	-16.3496	23.9128
-12.1827	-16.6737	26.1159
-12.8871	-16.5433	28.4486
-13.4166	-15.8982	30.7614
-13.7197	-14.7382	32.8837
-13.7567	-13.1240	34.6351
-13.5072	-11.2105	35.8794
-12.9787	-9.1727	36.5486
-12.2116	-7.1709	36.6438
-11.2309	-5.2976	36.2196
-10.1315	-3.7320	35.3801
-8.9876	-2.5194	34.2457
-7.8608	-1.6482	32.9505
-6.9830	-1.1518	31.8432
-6.1687	-0.8225	30.7223
-5.4295	-0.6291	29.6117
-4.7721	-0.5416	28.5266
-4.1801	-0.5341	27.4403
-3.6743	-0.5891	26.3936
-3.2501	-0.6889	25.3883
-2.9015	-0.8201	24.4243
-2.5908	-0.9945	23.3876
-2.3572	-1.1894	22.4001
-2.1924	-1.4004	21.4603
-2.0875	-1.6269	20.5668
-2.0347	-1.8712	19.7188
-2.0298	-2.1358	18.9160
-2.0694	-2.4248	18.1585
-2.1503	-2.7445	17.4474
-2.2742	-3.1113	16.7687
-2.4405	-3.5255	16.1434
-2.6510	-3.9957	15.5760
-2.9083	-4.5321	15.0728
-3.3062	-5.3214	14.5428
-3.7959	-6.2566	14.1540
-4.3898	-7.3589	13.9426
-5.1020	-8.6441	13.9590
-5.9907	-10.1940	14.2914
-7.0384	-11.9393	15.0516
-8.2454	-13.8120	16.3567
-9.5886	-15.6651	18.3213
-10.6318	-16.8853	20.2334
-11.6827	-17.8385	22.5473
-12.6880	-18.3770	25.2092
-13.5791	-18.3638	28.0974
-14.2819	-17.6830	31.0299
-14.7129	-16.3217	33.7456
-14.8090	-14.3602	35.9992
-14.5474	-11.9527	37.6085
-14.0319	-9.6712	38.3966
-13.2756	-7.4198	38.6079
-12.3249	-5.3442	38.3001
-11.2373	-3.5451	37.5744
-10.1409	-2.1471	36.6190
-9.0254	-1.0469	35.4911
-7.9314	-0.2269	34.2663
-6.8895	0.3513	33.0071
-6.0040	0.7079	31.8662
-5.1896	0.9327	30.7485
-4.4518	1.0552	29.6657
-3.7922	1.1015	28.6236
-3.1350	1.0892	27.4896
-2.5710	1.0313	26.4092
-2.0926	0.9467	25.3797
-1.6909	0.8495	24.3978
-1.3843	0.7581	23.5436
-1.1266	0.6690	22.7231
-0.9113	0.5855	21.9342
-0.7324	0.5093	21.1748
-0.5841	0.4412	20.4432
-0.4618	0.3818	19.7380
-0.3615	0.3311	19.0580
-0.2793	0.2884	18.4019
-0.2138	0.2541	17.7899
-0.1598	0.2263	17.1986
-0.1154	0.2045	16.6271
-0.0785	0.1879	16.0746
-0.0498	0.1767	15.5820
-0.0252	0.1692	15.1046
-0.0041	0.1650	14.6418
0.0144	0.1640	14.1932
0.0289	0.1654	13.8137
0.0423	0.1689	13.4444
0.0548	0.1745	13.0850
0.0667	0.1820	12.7352
0.0794	0.1925	12.3611
0.0921	0.2055	11.9980
0.1049	0.2209	11.6456
0.1181	0.2390	11.3036
0.1355	0.2652	10.8936
0.1543	0.2960	10.4986
0.1750	0.3321	10.1181
0.1980	0.3739	9.7516
0.2298	0.4334	9.3256
0.2668	0.5041	8.9187
0.3100	0.5883	8.5304
0.3608	0.6882	8.1600
0.4332	0.8317	7.7422
0.5214	1.0080	7.3488
0.6291	1.2247	6.9797
0.7611	1.4914	6.6357
0.9422	1.8578	6.2872
1.1693	2.3193	5.9748
1.4543	2.9012	5.7063
1.8131	3.6342	5.4944
2.2886	4.6025	5.3566
2.8927	5.8318	5.3376
3.6582	7.3823	5.5000
4.6248	9.3128	5.9443
5.9834	11.9442	6.9523
7.7089	15.1450	8.8096
9.8236	18.7307	11.9132
12.2533	22.1152	16.7208
13.5170	23.4276	19.8442
14.7591	24.2718	23.4155
15.9160	24.4685	27.3303
16.9116	23.8698	31.4060
17.6661	22.3713	35.3932
18.0953	20.0041	38.9741
18.1371	16.9080	41.8679
17.7699	13.3041	43.8766
17.0705	9.7715	44.8591
16.0597	6.3382	45.0255
14.7936	3.2108	44.4845
13.3425	0.5248	43.4006
11.9566	-1.4436	42.1356
10.5332	-3.0137	40.7053
9.1148	-4.2125	39.2045
7.7352	-5.0891	37.7080
6.4264	-5.7003	36.2738
5.1978	-6.1015	34.9194
4.0599	-6.3414	33.6593
3.0179	-6.4625	32.4982
1.6214	-6.4981	30.9188
0.4327	-6.4325	29.5346
-0.5689	-6.3306	28.3170
-1.4080	-6.2359	27.2401
-2.1050	-6.1738	26.2917
-2.6949	-6.1582	25.4421
-3.1995	-6.1979	24.6801
-3.6408	-6.2974	23.9978
-4.0324	-6.4544	23.3997
-4.3946	-6.6700	22.8739
-4.7391	-6.9433	22.4219
-5.0773	-7.2717	22.0455
-5.4575	-7.6966	21.7203
-5.8495	-8.1808	21.5015
-6.2595	-8.7176	21.3984
-6.6929	-9.2967	21.4204
-7.2424	-10.0219	21.6218
-7.8260	-10.7601	22.0322
-8.4357	-11.4728	22.6636
-9.0578	-12.1107	23.5150
-9.8443	-12.7351	24.9080
-10.5510	-13.0072	26.5541
-11.1018	-12.8219	28.3080
-11.4263	-12.1487	29.9731
-11.4823	-11.2417	31.1323
-11.3253	-10.1181	31.9655
-10.9624	-8.8914	32.4110
-10.4270	-7.6692	32.4575
-9.7276	-6.4974	32.1203
-8.9530	-5.5327	31.4574
-8.1669	-4.8149	30.5514
-7.4210	-4.3431	29.5066
-6.8529	-4.1141	28.5826
-6.3573	-4.0195	27.6425
-5.9432	-4.0403	26.7108
-5.6153	-4.1576	25.8062
-5.3446	-4.3923	24.8150
-5.1855	-4.7212	23.8937
-5.1341	-5.1347	23.0575
-5.1849	-5.6290	22.3214
-5.3956	-6.4032	21.5321
-5.7703	-7.3172	20.9873
-6.3067	-8.3608	20.7402
-6.9886	-9.5119	20.8555
-7.6712	-10.5465	21.2908
-8.4314	-11.5561	22.0813
-9.2373	-12.4471	23.2435
-10.0373	-13.1031	24.7490
-10.6363	-13.3731	26.1683
-11.1450	-13.3402	27.6818
-11.5196	-12.9680	29.1855
-11.7240	-12.2596	30.5634
-11.7326	-11.2576	31.6957
-11.5341	-10.0606	32.4898
-11.1383	-8.7796	32.8963
-10.5780	-7.5191	32.9124
-9.8130	-6.2517	32.5262
-8.9704	-5.2190	31.7943
-8.1196	-4.4599	30.8095
-7.3157	-3.9673	29.6872
-6.7202	-3.7346	28.7302
-6.1986	-3.6349	27.7609
-5.7591	-3.6477	26.8021
-5.4055	-3.7533	25.8703
-5.1025	-3.9716	24.8384
-4.9106	-4.2792	23.8723
-4.8252	-4.6662	22.9845
-4.8403	-5.1290	22.1873
-5.0032	-5.8655	21.2899
-5.3298	-6.7426	20.6131
-5.8198	-7.7594	20.2047
-6.4612	-8.9112	20.1275
-7.1043	-9.9601	20.3679
-7.8399	-11.0403	20.9369
-8.6482	-12.0823	21.8706
-9.4931	-12.9868	23.1782
-10.1979	-13.5532	24.5546
-10.8513	-13.8468	26.1272
-11.4053	-13.7958	27.8091
-11.8118	-13.3612	29.4813
-12.0282	-12.5394	31.0021
-12.0207	-11.4025	32.2312
-11.7779	-10.0574	33.0674
-11.3196	-8.6210	33.4620
-10.7091	-7.2725	33.4317
-9.9794	-6.0648	33.0443
-9.1835	-5.0598	32.3660
-8.3706	-4.2847	31.4844
-7.6409	-3.7668	30.5591
-6.9619	-3.4240	29.5709
-6.3523	-3.2346	28.5567
-5.8242	-3.1719	27.5439
-5.3625	-3.2151	26.4998
-4.9977	-3.3513	25.4919
-4.7276	-3.5643	24.5310
-4.5482	-3.8428	23.6254
-4.4467	-4.2355	22.6643
-4.4509	-4.7034	21.7947
-4.5561	-5.2474	21.0286
-4.7566	-5.8730	20.3811
-5.0487	-6.5872	19.8705
-5.4341	-7.3941	19.5197
-5.9131	-8.2933	19.3575
-6.4842	-9.2774	19.4180
-7.2875	-10.5499	19.8362
-8.2066	-11.8481	20.7092
-9.2082	-13.0504	22.0872
-10.2272	-13.9828	23.9605
-10.9347	-14.3746	25.6068
-11.5546	-14.4236	27.3936
-12.0358	-14.0732	29.2061
-12.3326	-13.3120	30.9074
-12.4092	-12.1749	32.3486
-12.2447	-10.7734	33.4072
-11.8431	-9.2404	34.0121
-11.2375	-7.7033	34.1489
-10.4387	-6.2244	33.8420
-9.5369	-4.9797	33.1587
-8.6002	-4.0174	32.1946
-7.6855	-3.3381	31.0656
-6.9632	-2.9586	30.0549
-6.3079	-2.7325	29.0191
-5.7311	-2.6344	27.9842
-5.2390	-2.6393	26.9679
-4.7956	-2.7380	25.8813
-4.4534	-2.9163	24.8407
-4.2075	-3.1594	23.8534
-4.0518	-3.4587	22.9248
-3.9770	-3.8365	22.0040
-3.9912	-4.2741	21.1616
-4.0904	-4.7745	20.4056
-4.2702	-5.3444	19.7464
-4.5278	-5.9921	19.1972
-4.8653	-6.7243	18.7744
-5.2845	-7.5459	18.4995
-5.7863	-8.4584	18.3994
-6.5473	-9.7468	18.5729
-7.4441	-11.1394	19.1660
-8.4604	-12.5512	20.2563
-9.5545	-13.8359	21.8923
-10.3541	-14.5722	23.4138
-11.1200	-15.0406	25.1838
-11.8043	-15.1508	27.1264
-12.3549	-14.8385	29.1257
-12.7211	-14.0702	31.0332
-12.8555	-12.8917	32.6811
-12.7313	-11.3985	33.9325
-12.3537	-9.7139	34.7027
-11.7969	-8.1076	34.9625
-11.0793	-6.5957	34.8083
-10.2491	-5.2646	34.2983
-9.3565	-4.1659	33.5181
-8.4902	-3.3459	32.6033
-7.6483	-2.7414	31.5817
-6.8587	-2.3314	30.5027
-6.1409	-2.0842	29.4055
-5.5058	-1.9659	28.3151
-4.9586	-1.9517	27.2470
-4.4999	-2.0188	26.2117
-4.1273	-2.1487	25.2154
-3.7856	-2.3703	24.0708
-3.5522	-2.6498	22.9913
-3.4183	-2.9794	21.9800
-3.3739	-3.3585	21.0405
-3.4177	-3.8375	20.0974
-3.5553	-4.3889	19.2537
-3.7855	-5.0235	18.5210
-4.1062	-5.7566	17.9161
-4.4915	-6.5497	17.4838
-4.9642	-7.4528	17.2095
-5.5291	-8.4707	17.1257
-6.1900	-9.6001	17.2728
-7.2733	-11.3359	17.9448
-8.5387	-13.1446	19.3274
-9.9345	-14.7925	21.5325
-11.3308	-15.9040	24.5300
-12.0805	-16.1227	26.5997
-12.7107	-15.9147	28.7605
-13.1679	-15.2368	30.8722
-13.4080	-14.0997	32.7815
-13.3990	-12.5693	34.3319
-13.1267	-10.7883	35.4101
-12.6022	-8.9128	35.9629
-11.8644	-7.0852	35.9982
-10.9250	-5.3652	35.5589
-9.8816	-3.9326	34.7390
-8.8034	-2.8264	33.6479
-7.7471	-2.0342	32.4065
-6.9118	-1.5782	31.3220
-6.1414	-1.2826	30.2226
-5.4469	-1.1179	29.1316
-4.8345	-1.0555	28.0639
-4.2727	-1.0735	26.9596
-3.8023	-1.1573	25.8962
-3.4182	-1.2891	24.8763
-3.1138	-1.4565	23.9006
-2.8621	-1.6722	22.8793
-2.6886	-1.9155	21.9103
-2.5856	-2.1840	20.9934
-2.5453	-2.4796	20.1288
-2.5611	-2.8067	19.3174
-2.6304	-3.1700	18.5607
-2.7515	-3.5760	17.8617
-2.9231	-4.0331	17.2246
-3.1681	-4.6011	16.6076
-3.4773	-5.2535	16.0819
-3.8556	-6.0029	15.6627
-4.3089	-6.8619	15.3705
-5.0608	-8.2273	15.2246
-5.9860	-9.8349	15.4610
-7.0961	-11.6584	16.2029
-8.3861	-13.5965	17.5946
-9.3883	-14.9368	19.0444
-10.4368	-16.1284	20.9234
-11.4873	-17.0278	23.2219
-12.4756	-17.4784	25.8644
-13.3262	-17.3239	28.7139
-13.9430	-16.4742	31.5179
-14.2430	-14.9381	34.0074
-14.1796	-12.8272	35.9495
-13.8288	-10.7506	37.0252
-13.2202	-8.6080	37.5292
-12.3918	-6.5606	37.4873
-11.3992	-4.7313	36.9775
-10.3461	-3.2471	36.1523
-9.2544	-2.0647	35.0997
-8.1724	-1.1784	33.9066
-7.1372	-0.5532	32.6501
-6.2748	-0.1754	31.5201
-5.4831	0.0625	30.4020
-4.7690	0.1901	29.3109
-4.1352	0.2346	28.2551
-3.6198	0.2216	27.3135
-3.1692	0.1709	26.4055
-2.7794	0.0936	25.5308
-2.4459	-0.0014	24.6884
-2.1405	-0.1180	23.8052
-1.8898	-0.2426	22.9567
-1.6875	-0.3714	22.1412
-1.5279	-0.5025	21.3569
-1.4052	-0.6354	20.6026
-1.3154	-0.7701	19.8769
-1.2547	-0.9073	19.1788
-1.2196	-1.0487	18.5076
-1.2071	-1.2117	17.7982
-1.2199	-1.3849	17.1198
-1.2564	-1.5715	16.4719
-1.3151	-1.7754	15.8543
-1.4033	-2.0217	15.2181
-1.5177	-2.2990	14.6182
-1.6597	-2.6139	14.0559
-1.8313	-2.9738	13.5333
-2.1021	-3.5199	12.9212
-2.4359	-4.1754	12.3906
-2.8436	-4.9630	11.9575
-3.3390	-5.9078	11.6463
-4.2368	-7.5770	11.4856
-5.4048	-9.7146	11.8072
-6.8884	-12.3327	12.8609
-8.7120	-15.2631	15.0038
-9.8759	-16.9145	16.8354
-11.1062	-18.4075	19.1919
-12.3546	-19.5603	22.0770
-13.5466	-20.1649	25.4130
-14.5925	-20.0070	29.0424
-15.3732	-18.9466	32.6429
-15.7820	-16.9767	35.8608
-15.7531	-14.2359	38.3860
-15.3723	-11.5684	39.7723
-14.6797	-8.8114	40.4408
-13.7166	-6.1755	40.4275
-12.5469	-3.8201	39.8344
-11.3350	-1.9658	38.8942
-10.0666	-0.4755	37.7040
-8.7945	0.6583	36.3682
-7.5601	1.4769	34.9770
-6.5714	1.9658	33.8090
-5.6443	2.3018	32.6658
-4.7868	2.5160	31.5617
-4.0031	2.6369	30.5044
-3.0198	2.6962	29.0902
-2.1791	2.6722	27.7716
-1.4690	2.6063	26.5415
-0.8746	2.5285	25.3910
-0.4814	2.4726	24.5455
-0.1399	2.4278	23.7388
0.1573	2.3988	22.9678
0.4175	2.3889	22.2300
0.6478	2.3999	21.5233
0.8538	2.4336	20.8461
1.0409	2.4913	20.1972
1.2144	2.5736	19.5758
1.3961	2.6941	18.9200
1.5721	2.8472	18.2968
1.7470	3.0345	17.7063
1.9258	3.2576	17.1491
2.1418	3.5604	16.5517
2.3743	3.9176	16.0021
2.6290	4.3346	15.5041
2.9119	4.8167	15.0627
3.2876	5.4713	14.6277
3.7194	6.2355	14.2952
4.2167	7.1208	14.0863
4.7901	8.1353	14.0286
5.5976	9.5370	14.2096
6.5448	11.1322	14.7461
7.6375	12.8802	15.7371
8.8672	14.6833	17.2881
9.9283	16.0598	18.9925
11.0262	17.2402	21.1438
12.1114	18.0675	23.7184
13.1142	18.3776	26.6199
13.9546	18.0136	29.6847
14.5346	16.9069	32.6344
14.7727	15.0957	35.1856
14.6285	12.7191	37.1081
14.2016	10.4490	38.1148
13.5147	8.1510	38.5221
12.6102	5.9880	38.3716
11.5460	4.0793	37.7562
10.4456	2.5657	36.8561
9.3118	1.3629	35.7485
8.1902	0.4596	34.5185
7.1158	-0.1817	33.2387
6.2164	-0.5743	32.0946
5.3863	-0.8273	30.9694
4.6321	-0.9708	29.8765
3.9564	-1.0320	28.8232
3.3044	-1.0319	27.7159
2.7409	-0.9839	26.6587
2.2593	-0.9066	25.6496
1.8520	-0.8137	24.6858
1.5300	-0.7210	23.8205
1.2590	-0.6284	22.9896
1.0326	-0.5399	22.1908
0.8447	-0.4575	21.4220
0.6893	-0.3824	20.6814
0.5617	-0.3150	19.9677
0.4579	-0.2556	19.2795
0.3737	-0.2036	18.6155
0.3089	-0.1605	18.0096
0.2564	-0.1228	17.4237
0.2143	-0.0900	16.8569
0.1806	-0.0613	16.3088
0.1562	-0.0382	15.8272
0.1366	-0.0175	15.3599
0.1213	0.0011	14.9065
0.1095	0.0182	14.4665
0.1016	0.0322	14.0934
0.0958	0.0454	13.7300
0.0917	0.0581	13.3759
0.0891	0.0706	13.0310
0.0879	0.0849	12.6428
0.0884	0.0994	12.2661
0.0904	0.1143	11.9006
0.0938	0.1299	11.5461
0.0995	0.1495	11.1429
0.1071	0.1708	10.7539
0.1165	0.1943	10.3786
0.1279	0.2205	10.0164
0.1449	0.2578	9.5828
0.1655	0.3011	9.1682
0.1902	0.3518	8.7718
0.2195	0.4114	8.3929
0.2703	0.5141	7.8875
0.3348	0.6441	7.4142
0.4165	0.8094	6.9717
0.5204	1.0201	6.5595
0.6580	1.2990	6.1660
0.8344	1.6585	5.8065
1.0609	2.1230	5.4855
1.3532	2.7233	5.2113
1.7160	3.4669	5.0051
2.1797	4.4187	4.8757
2.7716	5.6333	4.8607
3.5270	7.1726	5.0229
4.5371	9.1961	5.4903
5.8282	11.7334	6.4275
7.4488	14.7884	8.0972
9.4215	18.2041	10.8763
10.8611	20.4276	13.4376
12.4034	22.4503	16.7298
13.9866	23.9982	20.7764
15.5094	24.7460	25.4730
16.5832	24.5462	29.4832
17.4578	23.5089	33.5196
18.0543	21.5929	37.3148
18.3101	18.8634	40.5973
18.1815	15.4921	43.1078
17.6528	11.7811	44.6984
16.7441	8.0350	45.3392
15.5140	4.5107	45.1041
14.4700	2.2209	44.4850
13.3316	0.2100	43.5836
12.1318	-1.4998	42.4799
10.9012	-2.9101	41.2499
9.6674	-4.0405	39.9597
8.4537	-4.9186	38.6571
7.2785	-5.5771	37.3793
6.1559	-6.0517	36.1519
4.6040	-6.4919	34.4508
3.2057	-6.6998	32.9129
1.9654	-6.7555	31.5385
0.8794	-6.7216	30.3152
-0.1465	-6.6349	29.1254
-1.0202	-6.5345	28.0706
-1.7621	-6.4484	27.1300
-2.3935	-6.3948	26.2868
-3.0704	-6.3887	25.3360
-3.6383	-6.4616	24.5053
-4.1261	-6.6185	23.7857
-4.5648	-6.8592	23.1708
-4.9165	-7.1246	22.7319
-5.2597	-7.4448	22.3710
-5.6026	-7.8164	22.0924
-5.9531	-8.2344	21.9007
-6.3904	-8.7859	21.7929
-6.8512	-9.3830	21.8300
-7.3371	-10.0088	22.0242
-7.8475	-10.6402	22.3841
-8.4967	-11.3780	23.0547
-9.1543	-12.0158	23.9820
-9.7901	-12.4794	25.1420
-10.3662	-12.6968	26.4756
-10.8927	-12.5663	28.0763
-11.2185	-12.0159	29.5993
-11.2911	-11.0858	30.8628
-11.0997	-9.8680	31.7326
-10.7666	-8.7885	32.0843
-10.2953	-7.7234	32.1148
-9.7213	-6.7481	31.8473
-9.0852	-5.9173	31.3330
-8.4147	-5.2473	30.6202
-7.7630	-4.7650	29.7742
-7.1615	-4.4634	28.8475
-6.6328	-4.3202	27.8873
-6.2056	-4.3069	26.9639
-5.8645	-4.4003	26.0612
-5.6118	-4.5855	25.1967
-5.4473	-4.8501	24.3842
-5.3584	-5.3251	23.3824
-5.4215	-5.9228	22.5269
-5.6319	-6.6363	21.8489
-5.9788	-7.4643	21.3854
-6.4120	-8.3265	21.1832
-6.9516	-9.2631	21.2394
-7.5876	-10.2392	21.5934
-8.2994	-11.1985	22.2764
-8.9710	-11.9744	23.1727
-9.6484	-12.5947	24.3337
-10.2908	-12.9756	25.7186
-10.8489	-13.0437	27.2458
-11.2725	-12.7410	28.7999
-11.5082	-12.0693	30.2274
-11.5197	-11.0802	31.3877
-11.3017	-9.8620	32.1785
-10.9313	-8.7001	32.5206
-10.4191	-7.5640	32.5249
-9.8027	-6.5316	32.2203
-9.1242	-5.6574	31.6634
-8.4205	-4.9625	30.9158
-7.7367	-4.4598	30.0387
-7.1037	-4.1399	29.0841
-6.5434	-3.9787	28.0975
-6.0808	-3.9475	27.1385
-5.7052	-4.0230	26.1993
-5.4185	-4.1890	25.2961
-5.2201	-4.4324	24.4413
-5.0857	-4.8665	23.3879
-5.0974	-5.4146	22.4625
-5.2500	-6.0718	21.6901
-5.5338	-6.8408	21.1008
-5.9122	-7.6659	20.7453
-6.4000	-8.5837	20.6177
-6.9924	-9.5749	20.7579
-7.6772	-10.6028	21.2062
-8.5316	-11.7347	22.1147
-9.4350	-12.6998	23.4834
-10.3185	-13.3291	25.2725
-11.0820	-13.4605	27.3352
-11.5618	-13.0629	29.1601
-11.8000	-12.2046	30.7990
-11.7504	-10.9731	32.0628
-11.4159	-9.4912	32.8326
-10.9602	-8.2353	33.0555
-10.3686	-7.0446	32.9308
-9.6835	-5.9923	32.5005
-8.9492	-5.1248	31.8321
-8.2200	-4.4666	31.0130
-7.5206	-3.9987	30.0872
-6.8775	-3.7061	29.1020
-6.3094	-3.5628	28.0962
-5.8256	-3.5411	27.0942
-5.4321	-3.6227	26.1163
-5.1294	-3.7905	25.1766
-4.9158	-4.0311	24.2855
-4.7597	-4.4612	23.1678
-4.7519	-5.0009	22.1746
-4.8862	-5.6473	21.3273
-5.1525	-6.4072	20.6535
-5.5001	-7.1981	20.2212
-5.9522	-8.0868	19.9882
-6.5071	-9.0642	19.9909
-7.1585	-10.1087	20.2702
-8.0149	-11.3497	20.9846
-8.9569	-12.5140	22.1816
-9.9302	-13.4422	23.8686
-10.8445	-13.9469	25.9576
-11.3872	-13.9453	27.5555
-11.8048	-13.6051	29.1586
-12.0581	-12.9205	30.6523
-12.1213	-11.9253	31.9258
-11.9809	-10.6937	32.8792
-11.6398	-9.3397	33.4522
-11.1197	-7.9758	33.6281
-10.4592	-6.6987	33.4325
-9.6585	-5.5233	32.8901
-8.8118	-4.5820	32.0827
-7.9725	-3.8906	31.0905
-7.1822	-3.4312	29.9976
-6.5516	-3.1890	29.0054
-5.9950	-3.0767	28.0057
-5.5194	-3.0723	27.0187
-5.1279	-3.1553	26.0582
-4.7751	-3.3422	24.9800
-4.5313	-3.6103	23.9614
-4.3908	-3.9489	23.0116
-4.3466	-4.3535	22.1389
-4.3999	-4.8712	21.2856
-4.5559	-5.4720	20.5476
-4.8129	-6.1612	19.9422
-5.1675	-6.9466	19.4921
-5.6182	-7.8332	19.2249
-6.1680	-8.8188	19.1764
-6.8158	-9.8888	19.3874
-7.5549	-11.0114	19.9014
-8.5982	-12.4345	21.0409
-9.7152	-13.6606	22.7973
-10.8151	-14.4378	25.1321
-11.7513	-14.5141	27.8285
-12.1808	-14.1022	29.5538
-12.4390	-13.3285	31.1518
-12.4950	-12.2342	32.5032
-12.3385	-10.8949	33.5138
-11.9747	-9.4215	34.1209
-11.4259	-7.9409	34.3119
-10.7297	-6.5581	34.1136
-9.9331	-5.3506	33.5884
-9.0880	-4.3638	32.8216
-8.2394	-3.6072	31.8839
-7.4255	-3.0722	30.8391
-6.6746	-2.7305	29.7437
-6.0391	-2.5519	28.6975
-5.4850	-2.4906	27.6602
-5.0158	-2.5237	26.6467
-4.6320	-2.6318	25.6666
-4.2821	-2.8376	24.5526
-4.0412	-3.1129	23.5012
-3.9017	-3.4482	22.5181
-3.8553	-3.8412	21.6090
-3.9125	-4.4036	20.6101
-4.0920	-5.0637	19.7452
-4.3929	-5.8328	19.0348
-4.8114	-6.7279	18.5089
-5.2734	-7.6250	18.2306
-5.8316	-8.6306	18.1568
-6.4877	-9.7364	18.3288
-7.2393	-10.9185	18.7930
-8.3815	-12.5592	19.9469
-9.6362	-14.0464	21.8301
-10.9088	-15.0784	24.4405
-12.0248	-15.3123	27.5519
-12.5250	-14.9392	29.4646
-12.8522	-14.1652	31.2692
-12.9702	-13.0230	32.8337
-12.8625	-11.5865	34.0486
-12.5286	-9.9713	34.8335
-11.9870	-8.3181	35.1638
-11.2732	-6.7479	35.0605
-10.4355	-5.3532	34.5855
-9.5310	-4.1950	33.8319
-8.6071	-3.2878	32.8789
-7.7068	-2.6264	31.7990
-6.8624	-2.1814	30.6569
-6.1497	-1.9271	29.5846
-5.5144	-1.7986	28.5180
-4.9616	-1.7704	27.4725
-4.4926	-1.8200	26.4577
-4.0571	-1.9486	25.3446
-3.7209	-2.1368	24.2824
-3.4765	-2.3721	23.2737
-3.3159	-2.6478	22.3204
-3.2278	-2.9798	21.3788
-3.2171	-3.3555	20.5030
-3.2792	-3.7787	19.6965
-3.4094	-4.2570	18.9648
-3.6049	-4.7999	18.3157
-3.8677	-5.4162	17.7586
-4.2000	-6.1156	17.3073
-4.6047	-6.9073	16.9797
-5.2223	-8.0451	16.7783
-5.9709	-9.3476	16.8700
-6.8556	-10.7969	17.3300
-7.8719	-12.3369	18.2432
-8.8171	-13.6340	19.4250
-9.8187	-14.8208	21.0304
-10.8346	-15.7608	23.0596
-11.8011	-16.2990	25.4492
-12.6424	-16.2757	28.0745
-13.2592	-15.5901	30.6890
-13.5647	-14.2397	33.0243
-13.5104	-12.3272	34.8473
-13.1832	-10.4800	35.8254
-12.6152	-8.5689	36.2801
-11.8438	-6.7411	36.2319
-10.9222	-5.1092	35.7503
-9.9368	-3.7746	34.9641
-8.9208	-2.7200	33.9582
-7.9213	-1.9404	32.8142
-6.9742	-1.4028	31.6050
-6.1856	-1.0870	30.5022
-5.4714	-0.9034	29.4073
-4.8374	-0.8243	28.3354
-4.2855	-0.8246	27.2954
-3.7823	-0.8898	26.2188
-3.3663	-1.0045	25.1856
-3.0310	-1.1547	24.1963
-2.7690	-1.3310	23.2505
-2.5577	-1.5469	22.2681
-2.4160	-1.7842	21.3352
-2.3369	-2.0421	20.4511
-2.3133	-2.3236	19.6158
-2.3394	-2.6334	18.8298
-2.4133	-2.9764	18.0943
-2.5336	-3.3590	17.4117
-2.6994	-3.7895	16.7854
-2.9367	-4.3327	16.1639
-3.2345	-4.9581	15.6271
-3.5979	-5.6788	15.1883
-4.0332	-6.5084	14.8662
-4.7756	-7.8693	14.6584
-5.6971	-9.4953	14.8224
-6.8146	-11.3729	15.4874
-8.1307	-13.4135	16.8135
-9.1806	-14.8790	18.2583
-10.2939	-16.2182	20.1784
-11.4250	-17.2718	22.5779
-12.5036	-17.8564	25.3870
-13.4451	-17.7821	28.4647
-14.1373	-16.9282	31.5213
-14.4813	-15.2923	34.2415
-14.4204	-12.9985	36.3539
-14.0548	-10.8134	37.4706
-13.4201	-8.5630	37.9856
-12.5563	-6.4184	37.9286
-11.5220	-4.5088	37.3844
-10.4380	-2.9810	36.5270
-9.3152	-1.7656	35.4431
-8.2023	-0.8550	34.2220
-7.1367	-0.2120	32.9415
-6.2554	0.1749	31.8042
-5.4442	0.4217	30.6820
-4.7097	0.5583	29.5891
-4.0547	0.6119	28.5334
-3.4981	0.6067	27.5546
-3.0110	0.5618	26.6134
-2.5891	0.4901	25.7089
-2.2272	0.4015	24.8395
-1.9432	0.3116	24.0715
-1.7005	0.2176	23.3300
-1.4951	0.1223	22.6136
-1.3227	0.0277	21.9210
-1.1794	-0.0653	21.2511
-1.0620	-0.1562	20.6027
-0.9675	-0.2447	19.9752
-0.8930	-0.3313	19.3675
-0.8348	-0.4187	18.7654
-0.7930	-0.5055	18.1828
-0.7657	-0.5926	17.6191
-0.7514	-0.6811	17.0736
-0.7494	-0.7911	16.4424
-0.7627	-0.9071	15.8362
-0.7904	-1.0314	15.2542
-0.8317	-1.1665	14.6959
-0.8926	-1.3315	14.1075
-0.9701	-1.5170	13.5472
-1.0654	-1.7273	13.0149
-1.1796	-1.9675	12.5111
-1.3613	-2.3371	11.8954
-1.5852	-2.7821	11.3333
-1.8589	-3.3200	10.8311
-2.1925	-3.9711	10.3987
-2.7808	-5.1036	9.9457
-3.5490	-6.5812	9.7201
-4.5437	-8.4828	9.8397
-5.8236	-10.8555	10.4982
-6.9221	-12.8036	11.4262
-8.1973	-14.9431	12.8925
-9.6413	-17.1535	15.0385
-11.2134	-19.2103	17.9841
-12.3736	-20.4115	20.6170
-13.5127	-21.2065	23.6591
-14.5683	-21.4326	27.0153
-15.4665	-20.9567	30.5173
-16.1303	-19.6861	33.9349
-16.4795	-17.6598	36.9780
-16.4582	-15.0143	39.3955
-16.0528	-11.9525	41.0182
-15.3699	-9.0565	41.7353
-14.4225	-6.2699	41.7760
-13.2656	-3.7552	41.2350
-11.9640	-1.6154	40.2512
-10.7171	-0.0362	39.1096
-9.4527	1.2074	37.8252
-8.2089	2.1419	36.4759
-7.0150	2.8120	35.1222
-5.9863	3.2371	33.9164
-5.0269	3.5181	32.7560
-4.1429	3.6873	31.6509
-3.3367	3.7734	30.6048
-2.2275	3.7980	29.0824
-1.2934	3.7468	27.6908
-0.5148	3.6703	26.4145
0.1307	3.6032	25.2388
0.5797	3.5699	24.3369
0.9678	3.5648	23.4882
1.3065	3.5934	22.6884
1.6072	3.6590	21.9342
1.8806	3.7635	21.2236
2.1347	3.9091	20.5556
2.3770	4.0975	19.9303
2.6152	4.3298	19.3480
2.8857	4.6439	18.7483
3.1669	5.0181	18.2078
3.4655	5.4557	17.7314
3.7890	5.9596	17.3254
4.2034	6.6288	16.9542
4.6682	7.3965	16.7053
5.1909	8.2655	16.6006
5.7789	9.2334	16.6663
6.5967	10.5415	17.0234
7.5241	11.9525	17.7560
8.5522	13.3943	18.9339
9.6545	14.7453	20.6076
10.5531	15.6463	22.3051
11.4303	16.2745	24.3032
12.2370	16.5201	26.5326
12.9160	16.2947	28.8745
13.4089	15.5380	31.1687
13.6564	14.2764	33.2173
13.6190	12.6002	34.8481
13.2916	10.6426	35.9433
12.7539	8.7607	36.4268
12.0211	6.9457	36.4320
11.1401	5.3077	36.0165
10.1640	3.9180	35.2708
9.1927	2.8496	34.3457
8.2261	2.0311	33.2840
7.2981	1.4428	32.1461
6.4332	1.0497	30.9807
5.6745	0.8181	29.8621
4.9966	0.7025	28.7636
4.4024	0.6761	27.6960
3.8914	0.7160	26.6650
3.4378	0.8100	25.6178
3.0665	0.9426	24.6142
2.7705	1.1026	23.6538
2.5423	1.2831	22.7355
2.3409	1.5313	21.6509
2.2213	1.8032	20.6282
2.1749	2.0997	19.6664
2.1921	2.4274	18.7656
2.2549	2.7506	18.0199
2.3619	3.1106	17.3247
2.5128	3.5147	16.6826
2.7081	3.9717	16.0980
2.9895	4.5746	15.5048
3.3375	5.2749	15.0075
3.7592	6.0882	14.6239
4.2629	7.0295	14.3788
5.2185	8.7453	14.3464
6.4302	10.8286	14.8984
7.9130	13.2047	16.2635
9.6352	15.5975	18.6995
10.6118	16.7149	20.4991
11.5921	17.5911	22.6512
12.5309	18.1028	25.1089
13.3712	18.1352	27.7721
14.0511	17.5910	30.4927
14.5004	16.4443	33.0587
14.6634	14.7444	35.2633
14.5135	12.6084	36.9384
14.0936	10.4055	37.9124
13.4231	8.1758	38.3100
12.5427	6.0736	38.1703
11.5076	4.2133	37.5807
10.4257	2.7187	36.7030
9.3099	1.5282	35.6168
8.2051	0.6319	34.4058
7.1463	-0.0062	33.1419
6.2520	-0.4005	31.9993
5.4273	-0.6539	30.8737
4.6789	-0.7968	29.7790
4.0095	-0.8565	28.7228
3.3948	-0.8552	27.6655
2.8608	-0.8089	26.6530
2.4021	-0.7339	25.6839
2.0120	-0.6424	24.7559
1.7029	-0.5494	23.9232
1.4416	-0.4546	23.1220
1.2226	-0.3614	22.3504
1.0404	-0.2718	21.6066
0.8900	-0.1870	20.8890
0.7671	-0.1074	20.1965
0.6681	-0.0331	19.5277
0.5894	0.0363	18.8818
0.5336	0.0949	18.3231
0.4898	0.1508	17.7813
0.4567	0.2046	17.2557
0.4327	0.2570	16.7459
0.4161	0.3115	16.2260
0.4075	0.3662	15.7225
0.4061	0.4218	15.2349
0.4111	0.4794	14.7628
0.4248	0.5513	14.2233
0.4465	0.6288	13.7042
0.4760	0.7135	13.2049
0.5133	0.8070	12.7248
0.5674	0.9312	12.1848
0.6336	1.0737	11.6702
0.7131	1.2384	11.1805
0.8076	1.4300	10.7157
0.9735	1.7610	10.0950
1.1828	2.1757	9.5278
1.4461	2.6974	9.0197
1.7779	3.3543	8.5811
2.2265	4.2379	8.2115
2.7987	5.3667	7.9713
3.5268	6.8010	7.9192
4.4519	8.5993	8.1510
5.6089	10.7885	8.8020
7.0507	13.4204	10.0899
8.7992	16.3946	12.2931
10.8227	19.3828	15.7392
12.0279	20.8469	18.2944
13.2466	21.9847	21.3168
14.4243	22.6230	24.7506
15.4906	22.5964	28.4652
16.3673	21.7613	32.2618
16.9641	20.0733	35.8445
17.2063	17.5973	38.9220
17.0543	14.4992	41.2574
16.5604	11.3464	42.5991
15.7468	8.1615	43.1550
14.6588	5.1628	42.9877
13.3615	2.5104	42.2249
12.0479	0.4593	41.1469
10.6758	-1.1959	39.8363
9.2951	-2.4684	38.4004
7.9456	-3.4025	36.9291
6.8449	-3.9762	35.6975
5.8022	-4.3806	34.5065
4.8266	-4.6490	33.3705
3.9231	-4.8118	32.2969
2.5359	-4.9212	30.5913
1.3611	-4.8992	29.0641
0.3790	-4.8222	27.6941
-0.4348	-4.7423	26.4591
-1.0682	-4.6929	25.4100
-1.6036	-4.6843	24.4473
-2.0610	-4.7270	23.5621
-2.4611	-4.8271	22.7479
-2.7944	-4.9716	22.0593
-3.1055	-5.1687	21.4271
-3.4041	-5.4198	20.8523
-3.6998	-5.7252	20.3365
-4.0361	-6.1288	19.8357
-4.3877	-6.6014	19.4183
-4.7621	-7.1437	19.0932
-5.1671	-7.7544	18.8706
-5.6885	-8.5525	18.7567
-6.2658	-9.4343	18.8263
-6.9017	-10.3846	19.1079
-7.5962	-11.3754	19.6300
-8.5700	-12.6544	20.6985
-9.5981	-13.7964	22.2604
-10.6212	-14.6239	24.2996
-11.5483	-14.9461	26.6962
-12.0918	-14.7649	28.5140
-12.4849	-14.2029	30.2853
-12.6888	-13.2707	31.8838
-12.6812	-12.0215	33.1948
-12.4537	-10.5508	34.1232
-12.0158	-8.9894	34.6229
-11.3955	-7.4585	34.6939
-10.6359	-6.0573	34.3791
-9.7654	-4.8284	33.7366
-8.8569	-3.8483	32.8539
-7.9594	-3.1231	31.8097
-7.1105	-2.6288	30.6800
-6.4082	-2.3475	29.6341
-5.7802	-2.1985	28.5854
-5.2329	-2.1566	27.5520
-4.7691	-2.1992	26.5457
-4.3386	-2.3282	25.4349
-4.0101	-2.5251	24.3752
-3.7771	-2.7770	23.3710
-3.6316	-3.0768	22.4257
-3.5642	-3.4459	21.4901
-3.5808	-3.8682	20.6289
-3.6774	-4.3481	19.8481
-3.8496	-4.8937	19.1561
-4.0952	-5.5150	18.5642
-4.4167	-6.2207	18.0865
-4.8169	-7.0187	17.7421
-5.2982	-7.9152	17.5559
-6.0336	-9.2015	17.5941
-6.9123	-10.6338	18.0212
-7.9281	-12.1521	18.9258
-9.0545	-13.6351	20.3857
-9.9055	-14.5813	21.8087
-10.7554	-15.3177	23.5368
-11.5609	-15.7407	25.5232
-12.2690	-15.7570	27.6743
-12.8236	-15.2911	29.8562
-13.1632	-14.3349	31.8854
-13.2418	-12.9425	33.5890
-13.0436	-11.2200	34.8332
-12.6265	-9.4961	35.4934
-12.0076	-7.7774	35.6896
-11.2273	-6.1805	35.4582
-10.3355	-4.7889	34.8730
-9.4046	-3.6678	34.0476
-8.4647	-2.7973	33.0500
-7.5547	-2.1657	31.9475
-6.7034	-1.7412	30.7974
-5.9700	-1.4939	29.7029
-5.3158	-1.3693	28.6198
-4.7447	-1.3411	27.5616
-4.2576	-1.3863	26.5365
-3.8088	-1.5016	25.4351
-3.4543	-1.6683	24.3823
-3.1863	-1.8743	23.3792
-2.9967	-2.1123	22.4265
-2.8530	-2.4643	21.2716
-2.8142	-2.8659	20.2023
-2.8726	-3.3222	19.2218
-3.0184	-3.8476	18.3364
-3.1972	-4.3374	17.6940
-3.4331	-4.8918	17.1277
-3.7286	-5.5204	16.6474
-4.0865	-6.2333	16.2666
-4.6563	-7.3078	15.9479
-5.3529	-8.5594	15.8821
-6.1868	-9.9880	16.1392
-7.1628	-11.5643	16.8061
-8.2028	-13.1211	17.8865
-9.3455	-14.6385	19.4997
-10.5475	-15.9450	21.6877
-11.7292	-16.8161	24.4081
-12.5313	-17.0313	26.6965
-13.2060	-16.7744	29.0806
-13.6955	-15.9978	31.4059
-13.9520	-14.7140	33.5034
-13.9401	-12.9971	35.2006
-13.6444	-11.0079	36.3748
-13.0762	-8.9214	36.9709
-12.2773	-6.8952	37.0008
-11.2803	-5.0276	36.5293
-10.1726	-3.4700	35.6650
-9.0242	-2.2610	34.5250
-7.8929	-1.3861	33.2350
-6.9973	-0.8759	32.1190
-6.1641	-0.5338	30.9917
-5.4051	-0.3283	29.8766
-4.7268	-0.2291	28.7884
-4.1231	-0.2093	27.7203
-3.6018	-0.2496	26.6910
-3.1586	-0.3326	25.7018
-2.7880	-0.4449	24.7524
-2.4010	-0.6213	23.5679
-2.1127	-0.8190	22.4458
-1.9102	-1.0304	21.3828
-1.7800	-1.2544	20.3764
-1.7177	-1.4550	19.5707
-1.6948	-1.6682	18.8028
-1.7081	-1.8970	18.0725
-1.7546	-2.1461	17.3795
-1.8365	-2.4345	16.6943
-1.9525	-2.7566	16.0517
-2.1035	-3.1194	15.4538
-2.2906	-3.5309	14.9036
-2.5717	-4.1126	14.3030
-2.9174	-4.7975	13.7916
-3.3367	-5.6043	13.3864
-3.8400	-6.5524	13.1122
-4.5998	-7.9486	13.0049
-5.5343	-9.6228	13.2433
-6.6643	-11.5705	13.9555
-7.9993	-13.7191	15.3058
-9.1802	-15.4490	16.9238
-10.4518	-17.0605	19.1287
-11.7604	-18.3448	21.9433
-13.0155	-19.0497	25.2873
-13.8567	-19.0341	28.0505
-14.5383	-18.4480	30.8503
-14.9994	-17.2609	33.5025
-15.1930	-15.5129	35.8189
-15.0874	-13.3155	37.6187
-14.6730	-10.8669	38.7905
-13.9686	-8.3697	39.3011
-13.0219	-5.9989	39.1891
-11.9093	-3.9183	38.5726
-10.6892	-2.1885	37.5826
-9.4273	-0.8376	36.3422
-8.1780	0.1575	34.9735
-7.1751	0.7564	33.8004
-6.2299	1.1755	32.6292
-5.3543	1.4486	31.4825
-4.5557	1.6082	30.3736
-3.7528	1.6882	29.1797
-3.0483	1.6941	28.0438
-2.4373	1.6526	26.9649
-1.9128	1.5842	25.9398
-1.3239	1.4745	24.6308
-0.8544	1.3674	23.4025
-0.4839	1.2791	22.2464
-0.1898	1.2177	21.1551
-0.0390	1.1948	20.5183
0.0936	1.1838	19.9025
0.2113	1.1851	19.3069
0.3171	1.1988	18.7307
0.4137	1.2250	18.1732
0.5035	1.2638	17.6338
0.5883	1.3155	17.1122
0.6703	1.3803	16.6079
0.7662	1.4746	16.0325
0.8632	1.5890	15.4804
0.9636	1.7248	14.9514
1.0699	1.8836	14.4455
1.2056	2.1018	13.8817
1.3562	2.3588	13.3504
1.5254	2.6599	12.8529
1.7177	3.0108	12.3913
1.9812	3.4994	11.8965
2.2913	4.0818	11.4636
2.6569	4.7744	11.1041
3.0895	5.5949	10.8345
3.6935	6.7334	10.6650
4.4258	8.1044	10.6994
5.3081	9.7316	11.0131
6.3622	11.6165	11.7107
7.4777	13.5226	12.7815
8.7498	15.5507	14.4030
10.1606	17.5594	16.6911
11.6580	19.3147	19.7207
12.7790	20.2740	22.4629
13.8451	20.7552	25.5520
14.7883	20.6112	28.8574
15.5340	19.7448	32.1826
16.0094	18.1149	35.2788
16.1475	15.8285	37.8773
15.9110	13.0727	39.7733
15.3083	10.0682	40.8573
14.4690	7.3291	41.1317
13.4035	4.8001	40.8002
12.1747	2.6061	39.9797
10.8484	0.8098	38.8175
9.6501	-0.4391	37.6282
8.4631	-1.3970	36.3563
7.3169	-2.0979	35.0597
6.2333	-2.5850	33.7801
5.2371	-2.9013	32.5565
4.3235	-3.0895	31.3868
3.4958	-3.1829	30.2771
2.7535	-3.2099	29.2283
1.8349	-3.1784	27.8312
1.0663	-3.1069	26.5402
0.4284	-3.0305	25.3426
-0.1002	-2.9727	24.2270
-0.4614	-2.9492	23.3816
-0.7757	-2.9517	22.5792
-1.0520	-2.9837	21.8171
-1.2994	-3.0475	21.0929
-1.5263	-3.1443	20.4051
-1.7389	-3.2758	19.7531
-1.9432	-3.4434	19.1368
-2.1453	-3.6486	18.5564
-2.3798	-3.9296	17.9400
-2.6247	-4.2646	17.3736
-2.8862	-4.6575	16.8608
-3.1708	-5.1121	16.4063
-3.5377	-5.7208	15.9613
-3.9519	-6.4265	15.6163
-4.4217	-7.2368	15.3894
-4.9560	-8.1563	15.3033
-5.6985	-9.4130	15.4268
-6.5572	-10.8248	15.8634
-7.5351	-12.3561	16.6888
-8.6249	-13.9298	17.9812
-9.6375	-15.2316	19.5238
-10.6853	-16.3530	21.4925
-11.7201	-17.1463	23.8644
-12.6747	-17.4577	26.5477
-13.4721	-17.1402	29.3869
-14.0179	-16.1310	32.1191
-14.2343	-14.4675	34.4776
-14.0848	-12.2804	36.2467
-13.6708	-10.2028	37.1603
-13.0135	-8.1021	37.5185
-12.1544	-6.1272	37.3591
-11.1491	-4.3872	36.7674
-10.1035	-2.9975	35.9006
-9.0312	-1.8991	34.8341
-7.9763	-1.0812	33.6476
-6.9722	-0.5080	32.4095
-6.1231	-0.1591	31.2793
-5.3468	0.0552	30.1642
-4.6491	0.1644	29.0779
-4.0320	0.1948	28.0277
-3.5353	0.1722	27.0983
-3.1020	0.1146	26.2020
-2.7280	0.0325	25.3384
-2.4088	-0.0659	24.5065
-2.0703	-0.2077	23.4803
-1.8042	-0.3591	22.5012
-1.6013	-0.5151	21.5663
-1.4521	-0.6739	20.6734
-1.3604	-0.8135	19.9368
-1.2989	-0.9563	19.2289
-1.2643	-1.1036	18.5485
-1.2538	-1.2577	17.8952
-1.2678	-1.4432	17.1881
-1.3079	-1.6441	16.5144
-1.3730	-1.8645	15.8739
-1.4625	-2.1093	15.2668
-1.5892	-2.4137	14.6383
-1.7476	-2.7619	14.0526
-1.9403	-3.1628	13.5125
-2.1711	-3.6263	13.0223
-2.5667	-4.3996	12.4335
-3.0626	-5.3521	11.9785
-3.6789	-6.5215	11.6982
-4.4410	-7.9431	11.6547
-5.5434	-9.9380	12.0175
-6.9228	-12.3378	13.0340
-8.5936	-15.0307	14.9698
-10.5098	-17.6618	18.1168
-11.5841	-18.8361	20.3563
-12.6510	-19.6923	22.9766
-13.6580	-20.0885	25.9105
-14.5412	-19.8999	29.0289
-15.2323	-19.0286	32.1488
-15.6566	-17.4712	35.0225
-15.7573	-15.3110	37.4200
-15.5116	-12.7016	39.1666
-14.9797	-10.0886	40.1067
-14.1810	-7.4986	40.3992
-13.1624	-5.0992	40.1081
-11.9845	-3.0077	39.3464
-10.7999	-1.3894	38.3369
-9.5839	-0.1025	37.1405
-8.3795	0.8706	35.8423
-7.2202	1.5707	34.5121
-6.2650	1.9993	33.3642
-5.3733	2.2886	32.2452
-4.5513	2.4679	31.1667
-3.8023	2.5638	30.1345
-2.8379	2.6002	28.7116
-2.0197	2.5608	27.3860
-1.3337	2.4865	26.1494
-0.7634	2.4060	24.9926
-0.4011	2.3529	24.1728
-0.0860	2.3121	23.3891
0.1888	2.2875	22.6389
0.4301	2.2817	21.9199
0.6444	2.2962	21.2302
0.8369	2.3325	20.5685
1.0125	2.3917	19.9338
1.1760	2.4744	19.3253
1.3501	2.5956	18.6751
1.5193	2.7485	18.0566
1.6884	2.9348	17.4702
1.8619	3.1562	16.9162
2.0726	3.4566	16.3208
2.3003	3.8109	15.7720
2.5503	4.2244	15.2735
2.8289	4.7027	14.8305
3.2001	5.3537	14.3912
3.6278	6.1152	14.0523
4.1215	6.9991	13.8348
4.6921	8.0150	13.7660
5.4960	9.4201	13.9304
6.4420	11.0266	14.4461
7.5370	12.7976	15.4142
8.7748	14.6391	16.9449
9.8540	16.0668	18.6499
10.9764	17.3073	20.8192
12.0924	18.1974	23.4344
13.1302	18.5634	26.4015
14.0069	18.2359	29.5559
14.6191	17.1348	32.6067
14.8797	15.2934	35.2546
14.7444	12.8539	37.2551
14.3189	10.5396	38.2955
13.6278	8.1932	38.7235
12.7139	5.9823	38.5810
11.6358	4.0303	37.9625
10.5228	2.4861	37.0554
9.3746	1.2581	35.9379
8.2375	0.3349	34.6967
7.1470	-0.3216	33.4056
6.2382	-0.7226	32.2593
5.3982	-0.9830	31.1326
4.6334	-1.1330	30.0390
3.9467	-1.2000	28.9857
3.2581	-1.2047	27.8371
2.6645	-1.1582	26.7433
2.1587	-1.0812	25.7017
1.7320	-0.9891	24.7090
1.3919	-0.8973	23.8094
1.1065	-0.8076	22.9474
0.8688	-0.7242	22.1201
0.6714	-0.6497	21.3254
0.5076	-0.5850	20.5611
0.3721	-0.5309	19.8256
0.2604	-0.4877	19.1174
0.1677	-0.4549	18.4353
0.0946	-0.4328	17.8190
0.0324	-0.4190	17.2236
-0.0211	-0.4131	16.6484
-0.0679	-0.4146	16.0927
-0.1027	-0.4211	15.6501
-0.1349	-0.4323	15.2198
-0.1652	-0.4481	14.8015
-0.1943	-0.4686	14.3949
-0.2274	-0.4982	13.9368
-0.2605	-0.5343	13.4936
-0.2942	-0.5772	13.0648
-0.3295	-0.6273	12.6501
-0.3751	-0.6983	12.1672
-0.4250	-0.7818	11.7037
-0.4804	-0.8795	11.2592
-0.5427	-0.9932	10.8332
-0.6286	-1.1537	10.3466
-0.7290	-1.3453	9.8860
-0.8470	-1.5739	9.4518
-0.9864	-1.8464	9.0448
-1.1825	-2.2314	8.6059
-1.4219	-2.7045	8.2103
-1.7145	-3.2860	7.8654
-2.0731	-4.0000	7.5832
-2.5602	-4.9664	7.3687
-3.1683	-6.1722	7.2863
-3.9255	-7.6656	7.3954
-4.8649	-9.4900	7.7878
-6.1884	-11.9802	8.7388
-7.8406	-14.9411	10.5104
-9.8305	-18.1785	13.4423
-12.0771	-21.1574	17.8872
-13.2874	-22.3299	20.8763
-14.4640	-23.0304	24.2733
-15.5423	-23.0927	27.9648
-16.4472	-22.3879	31.7641
-17.1020	-20.8353	35.4235
-17.4285	-18.4928	38.6442
-17.3735	-15.5166	41.1734
-16.9252	-12.1278	42.8460
-16.1770	-8.8810	43.5711
-15.1471	-5.7752	43.5580
-13.8939	-2.9864	42.9189
-12.4859	-0.6237	41.8120
-11.1619	1.0858	40.5775
-9.8173	2.4352	39.2085
-8.4904	3.4544	37.7859
-7.2108	4.1907	36.3724
-6.0013	4.6982	35.0105
-4.8743	5.0238	33.7192
-3.8378	5.2116	32.5098
-2.8949	5.2994	31.3853
-1.6785	5.3127	29.8824
-0.6463	5.2515	28.5358
0.2218	5.1682	27.3241
0.9493	5.0988	26.2279
1.6043	5.0634	25.1591
2.1541	5.0844	24.1896
2.6233	5.1720	23.3103
3.0375	5.3312	22.5143
3.3688	5.5275	21.8912
3.6853	5.7795	21.3295
3.9962	6.0879	20.8317
4.3105	6.4523	20.4008
4.6847	6.9365	19.9957
5.0819	7.4926	19.6940
5.5088	8.1187	19.5080
5.9719	8.8092	19.4511
6.5753	9.7002	19.5720
7.2374	10.6488	19.9287
7.9539	11.6189	20.5507
8.7144	12.5568	21.4589
9.5021	13.3965	22.6659
10.2818	14.0410	24.1578
11.0105	14.3939	25.8842
11.6364	14.3726	27.7496
12.1061	13.9143	29.6212
12.3627	13.0266	31.3257
12.3675	11.7736	32.7069
12.1143	10.2608	33.6524
11.6828	8.8127	34.0763
11.0852	7.4005	34.1042
10.3625	6.1159	33.7745
9.5613	5.0218	33.1556
8.7392	4.1561	32.3403
7.9285	3.5071	31.3860
7.1621	3.0611	30.3487
6.4634	2.7894	29.2757
5.8617	2.6599	28.2268
5.3451	2.6415	27.1927
4.9156	2.7122	26.1869
4.5727	2.8542	25.2183
4.2653	3.1059	24.0940
4.0729	3.4308	23.0415
3.9877	3.8213	22.0676
4.0009	4.2779	21.1804
4.1210	4.8684	20.3091
4.3510	5.5552	19.5714
4.6913	6.3479	18.9893
5.1401	7.2584	18.5931
5.6734	8.2497	18.4228
6.3123	9.3519	18.5026
7.0560	10.5440	18.8826
7.8963	11.7810	19.6150
8.7556	12.9188	20.6619
9.6581	13.9358	22.0874
10.5619	14.7113	23.8796
11.4066	15.1149	25.9684
12.1233	15.0179	28.2304
12.6251	14.3540	30.4465
12.8402	13.1403	32.3881
12.7343	11.4757	33.8646
12.3986	9.8853	34.6291
11.8555	8.2599	34.9401
11.1420	6.7204	34.8192
10.3072	5.3586	34.3295
9.4127	4.2381	33.5684
8.5027	3.3659	32.6132
7.6198	2.7361	31.5348
6.7956	2.3187	30.3972
6.1043	2.0865	29.3318
5.4915	1.9771	28.2731
4.9617	1.9659	27.2360
4.5160	2.0311	26.2302
4.1026	2.1793	25.1146
3.7908	2.3891	24.0524
3.5733	2.6488	23.0469
3.4416	2.9528	22.1008
3.3837	3.4111	20.9724
3.4458	3.9464	19.9544
3.6234	4.5683	19.0576
3.9090	5.2964	18.2999
4.2207	5.9856	17.8004
4.6089	6.7679	17.4272
5.0774	7.6505	17.2036
5.6299	8.6365	17.1593
6.5383	10.1648	17.4560
7.6182	11.8384	18.2908
8.8495	13.5310	19.7805
10.1686	15.0095	21.9927
11.0262	15.7074	23.8212
11.8295	16.0673	25.8935
12.5240	15.9935	28.1095
13.0524	15.4285	30.3263
13.3616	14.3562	32.3687
13.4062	12.8591	34.0564
13.1656	11.0684	35.2554
12.6553	9.1329	35.8966
11.9624	7.3338	35.9918
11.1102	5.6928	35.6488
10.1550	4.2923	34.9481
9.1519	3.1714	33.9943
8.2337	2.3873	32.9839
7.3507	1.8175	31.8962
6.5268	1.4348	30.7747
5.7778	1.2050	29.6513
5.1062	1.0933	28.5347
4.5228	1.0764	27.4479
4.0267	1.1309	26.3979
3.6146	1.2380	25.3883
3.2366	1.4089	24.2775
2.9523	1.6179	23.2215
2.7527	1.8569	22.2197
2.6278	2.1230	21.2720
2.5665	2.4416	20.3122
2.5754	2.7962	19.4160
2.6504	3.1929	18.5855
2.7868	3.6415	17.8244
2.9698	4.1226	17.1760
3.2082	4.6692	16.6011
3.5047	5.2919	16.1094
3.8631	6.0018	15.7140
4.4355	7.0821	15.3704
5.1377	8.3527	15.2755
5.9826	9.8188	15.5023
6.9788	11.4571	16.1438
8.0130	13.0444	17.1718
9.1582	14.6259	18.7220
10.3775	16.0426	20.8499
11.6002	17.0765	23.5390
12.4803	17.4508	25.9239
13.2434	17.3339	28.4605
13.8250	16.6544	30.9876
14.1683	15.4068	33.3184
14.2284	13.6524	35.2517
13.9803	11.5614	36.6346
13.4300	9.3280	37.3897
12.6195	7.1293	37.5164
11.5909	5.0965	37.0854
10.4321	3.3929	36.2150
9.2202	2.0678	35.0351
8.0198	1.1087	33.6891
7.0895	0.5614	32.5543
6.2205	0.1891	31.4088
5.4251	-0.0406	30.2771
4.7104	-0.1597	29.1741
4.0952	-0.1965	28.1369
3.5565	-0.1758	27.1370
3.0909	-0.1142	26.1755
2.6934	-0.0248	25.2516
2.3336	0.0920	24.2932
2.0392	0.2217	23.3748
1.8030	0.3583	22.4945
1.6175	0.4988	21.6501
1.4839	0.6327	20.8910
1.3844	0.7686	20.1607
1.3152	0.9072	19.4581
1.2727	1.0497	18.7823
1.2530	1.2149	18.0628
1.2600	1.3901	17.3747
1.2917	1.5781	16.7175
1.3465	1.7832	16.0911
1.4306	2.0286	15.4491
1.5413	2.3043	14.8436
1.6797	2.6165	14.2757
1.8475	2.9724	13.7472
2.1091	3.5037	13.1347
2.4312	4.1383	12.6008
2.8236	4.8975	12.1602
3.2988	5.8044	11.8350
4.2275	7.5252	11.6374
5.4520	9.7608	11.9675
7.0221	12.5233	13.1121
8.9628	15.5957	15.4862
10.0987	17.1589	17.3471
11.2880	18.5443	19.6990
12.4837	19.5827	22.5348
13.6162	20.0866	25.7727
14.6028	19.8680	29.2586
15.3370	18.8091	32.7005
15.7238	16.9097	35.7810
15.7043	14.2967	38.2186
15.3421	11.6753	39.6197
14.6716	8.9552	40.3161
13.7322	6.3435	40.3388
12.5857	3.9987	39.7842
11.3850	2.1320	38.8701
10.1244	0.6268	37.6984
8.8572	-0.5220	36.3739
7.6254	-1.3540	34.9888
6.6338	-1.8541	33.8181
5.7037	-2.1985	32.6705
4.8433	-2.4186	31.5608
4.0570	-2.5433	30.4973
3.0906	-2.6052	29.1030
2.2623	-2.5842	27.8004
1.5608	-2.5204	26.5830
0.9723	-2.4428	25.4428
0.5680	-2.3833	24.5712
0.2185	-2.3345	23.7403
-0.0841	-2.3015	22.9468
-0.3477	-2.2878	22.1879
-0.5799	-2.2954	21.4613
-0.7865	-2.3261	20.7654
-0.9734	-2.3813	20.0990
-1.1460	-2.4617	19.4609
-1.3198	-2.5757	18.8121
-1.4880	-2.7204	18.1946
-1.6550	-2.8975	17.6082
-1.8254	-3.1085	17.0534
-2.0323	-3.3968	16.4529
-2.2547	-3.7373	15.8979
-2.4979	-4.1351	15.3918
-2.7680	-4.5954	14.9391
-3.1262	-5.2208	14.4863
-3.5379	-5.9521	14.1287
-4.0123	-6.8013	13.8857
-4.5599	-7.7778	13.7824
-5.3294	-9.1277	13.8884
-6.2347	-10.6763	14.3200
-7.2846	-12.3958	15.1711
-8.4765	-14.2086	16.5472
-9.5743	-15.7114	18.1855
-10.7286	-17.0521	20.3169
-11.8897	-18.0582	22.9351
-12.9820	-18.5383	25.9527
-13.9167	-18.2991	29.2055
-14.5789	-17.2385	32.3787
-14.8708	-15.3807	35.1427
-14.7416	-12.8736	37.2284
-14.3156	-10.5476	38.2796
-13.6207	-8.1883	38.7109
-12.7002	-5.9665	38.5651
-11.6142	-4.0073	37.9381
-10.4976	-2.4657	37.0246
-9.3467	-1.2418	35.9013
-8.2079	-0.3237	34.6552
-7.1167	0.3276	33.3605
-6.2108	0.7233	32.2150
-5.3737	0.9794	31.0896
-4.6121	1.1262	29.9975
-3.9286	1.1908	28.9458
-3.2430	1.1935	27.7982
-2.6524	1.1456	26.7053
-2.1494	1.0677	25.6646
-1.7254	0.9749	24.6727
-1.3893	0.8833	23.7788
-1.1073	0.7937	22.9220
-0.8723	0.7105	22.0995
-0.6770	0.6359	21.3092
-0.5149	0.5710	20.5490
-0.3810	0.5164	19.8173
-0.2705	0.4725	19.1127
-0.1789	0.4387	18.4338
-0.1063	0.4153	17.8158
-0.0447	0.4001	17.2188
0.0081	0.3927	16.6422
0.0540	0.3924	16.0851
0.0883	0.3975	15.6368
0.1199	0.4071	15.2012
0.1495	0.4213	14.7779
0.1777	0.4401	14.3665
0.2088	0.4667	13.9169
0.2397	0.4993	13.4817
0.2710	0.5380	13.0604
0.3036	0.5834	12.6526
0.3459	0.6479	12.1745
0.3919	0.7240	11.7153
0.4428	0.8129	11.2745
0.4998	0.9163	10.8517
0.5782	1.0622	10.3680
0.6695	1.2360	9.9093
0.7766	1.4431	9.4757
0.9029	1.6896	9.0678
1.0808	2.0387	8.6237
1.2975	2.4671	8.2195
1.5621	2.9932	7.8610
1.8860	3.6388	7.5577
2.3266	4.5149	7.3065
2.8767	5.6091	7.1678
3.5620	6.9682	7.1901
4.4140	8.6382	7.4492
5.5935	10.8923	8.1476
7.0702	13.6163	9.4998
8.8692	16.7080	11.8018
10.9584	19.8207	15.4080
12.1853	21.3216	18.0422
13.4268	22.4881	21.1552
14.6280	23.1426	24.6907
15.7176	23.1143	28.5160
16.6162	22.2549	32.4281
17.2316	20.5166	36.1235
17.4876	17.9643	39.3027
17.3427	14.7671	41.7208
16.8473	11.5050	43.1175
16.0239	8.2060	43.7025
14.9179	5.0973	43.5404
13.5954	2.3453	42.7627
12.2582	0.2224	41.6630
10.8589	-1.4932	40.3258
9.4482	-2.8144	38.8615
8.0668	-3.7865	37.3630
6.9197	-4.3934	36.0907
5.8323	-4.8198	34.8639
4.8143	-5.1016	33.6982
3.8713	-5.2714	32.6012
2.4192	-5.3837	30.8644
1.1898	-5.3574	29.3227
0.1626	-5.2743	27.9516
-0.6882	-5.1894	26.7257
-1.3382	-5.1379	25.7115
-1.8893	-5.1278	24.7858
-2.3614	-5.1691	23.9391
-2.7749	-5.2676	23.1648
-3.1317	-5.4167	22.4902
-3.4636	-5.6216	21.8776
-3.7810	-5.8830	21.3279
-4.0945	-6.2008	20.8430
-4.4479	-6.6169	20.3862
-4.8162	-7.1013	20.0204
-5.2065	-7.6528	19.7549
-5.6263	-8.2679	19.6004
-6.1653	-9.0644	19.5773
-6.7562	-9.9285	19.7509
-7.3991	-10.8372	20.1473
-8.0901	-11.7544	20.7892
-9.0459	-12.8889	22.0189
-10.0176	-13.7968	23.7063
-10.9330	-14.2988	25.7873
-11.6947	-14.2386	28.0882
-12.1522	-13.6309	30.0740
-12.3459	-12.5438	31.8094
-12.2358	-11.0880	33.1091
-11.8304	-9.4032	33.8635
-11.2989	-7.9728	34.0481
-10.6246	-6.6353	33.8575
-9.8537	-5.4667	33.3452
-9.0334	-4.5109	32.5890
-8.2370	-3.8002	31.7041
-7.4713	-3.2886	30.7203
-6.7622	-2.9567	29.6838
-6.1274	-2.7756	28.6309
-5.5698	-2.7149	27.5718
-5.1026	-2.7559	26.5366
-4.7258	-2.8786	25.5370
-4.4370	-3.0672	24.5805
-4.1847	-3.3942	23.4128
-4.0619	-3.8032	22.3358
-4.0603	-4.2898	21.3596
-4.1696	-4.8598	20.4965
-4.3708	-5.4927	19.7911
-4.6681	-6.2190	19.2208
-5.0627	-7.0460	18.8088
-5.5548	-7.9795	18.5856
-6.2028	-9.1167	18.5996
-6.9698	-10.3608	18.9430
-7.8485	-11.6632	19.6788
-8.8163	-12.9345	20.8605
-9.6243	-13.8394	22.1405
-10.4327	-14.5501	23.7155
-11.1991	-14.9679	25.5405
-11.8714	-15.0044	27.5257
-12.3948	-14.5880	29.5421
-12.7097	-13.7127	31.4141
-12.7721	-12.4315	32.9765
-12.5688	-10.8457	34.1035
-12.1631	-9.2771	34.6797
-11.5710	-7.7188	34.8264
-10.8322	-6.2767	34.5777
-9.9947	-5.0262	34.0022
-9.1193	-4.0176	33.1980
-8.2423	-3.2436	32.2311
-7.4005	-2.6928	31.1646
-6.6212	-2.3353	30.0525
-5.9517	-2.1399	28.9831
-5.3638	-2.0622	27.9246
-4.8608	-2.0779	26.8909
-4.4429	-2.1666	25.8908
-4.0582	-2.3413	24.7721
-3.7772	-2.5775	23.7105
-3.5923	-2.8647	22.7095
-3.4946	-3.1990	21.7723
-3.4812	-3.6763	20.7148
-3.5799	-4.2322	19.7670
-3.7880	-4.8767	18.9412
-4.1001	-5.6279	18.2563
-4.4505	-6.3731	17.7998
-4.8833	-7.2187	17.4873
-5.4024	-8.1701	17.3470
-6.0110	-9.2265	17.4137
-7.0038	-10.8440	17.9182
-8.1690	-12.5610	19.0416
-9.4696	-14.1987	20.8941
-10.8102	-15.4581	23.4923
-11.6215	-15.8901	25.4978
-12.3349	-15.9104	27.6652
-12.8918	-15.4491	29.8587
-13.2390	-14.4911	31.9155
-13.3336	-13.0772	33.6568
-13.1499	-11.3452	34.9367
-12.6904	-9.4588	35.6733
-11.9915	-7.5726	35.8528
-11.0871	-5.7995	35.5230
-10.0603	-4.3006	34.7762
-8.9840	-3.1284	33.7244
-7.9192	-2.2806	32.4973
-7.0769	-1.7912	31.4190
-6.2974	-1.4699	30.3181
-5.5935	-1.2870	29.2210
-4.9723	-1.2128	28.1446
-4.4061	-1.2236	27.0365
-3.9323	-1.3043	25.9685
-3.5461	-1.4368	24.9438
-3.2413	-1.6078	23.9637
-2.9890	-1.8331	22.9285
-2.8185	-2.0897	21.9480
-2.7222	-2.3753	21.0224
-2.6919	-2.6917	20.1524
-2.7210	-3.0442	19.3395
-2.8071	-3.4378	18.5860
-2.9488	-3.8795	17.8957
-3.1452	-4.3786	17.2742
-3.4223	-5.0006	16.6839
-3.7699	-5.7159	16.1981
-4.1932	-6.5372	15.8356
-4.6986	-7.4760	15.6221
-5.5455	-8.9795	15.6309
-6.5833	-10.7268	16.1094
-7.8159	-12.6543	17.2026
-9.2177	-14.5904	19.0598
-10.1603	-15.6930	20.6780
-11.1118	-16.5787	22.6472
-12.0274	-17.1265	24.9256
-12.8499	-17.2216	27.4183
-13.5167	-16.7646	29.9819
-13.9563	-15.7270	32.4067
-14.1119	-14.1551	34.4870
-13.9579	-12.1624	36.0569
-13.5499	-10.1482	36.9385
-12.9070	-8.1122	37.2848
-12.0694	-6.1962	37.1318
-11.0903	-4.5048	36.5602
-10.0631	-3.1394	35.7121
-9.0093	-2.0588	34.6645
-7.9725	-1.2532	33.4955
-6.9859	-0.6883	32.2728
-6.1459	-0.3426	31.1462
-5.3791	-0.1318	30.0330
-4.6913	-0.0265	28.9472
-4.0846	-0.0006	27.8967
-3.5750	-0.0303	26.9204
-3.1354	-0.0985	25.9803
-2.7612	-0.1936	25.0760
-2.4471	-0.3068	24.2063
-2.1148	-0.4735	23.1120
-1.8642	-0.6525	22.0718
-1.6846	-0.8389	21.0828
-1.5648	-1.0324	20.1426
-1.5028	-1.2046	19.3798
-1.4739	-1.3852	18.6499
-1.4752	-1.5766	17.9524
-1.5040	-1.7824	17.2868
-1.5638	-2.0258	16.6030
-1.6530	-2.2957	15.9569
-1.7719	-2.5978	15.3493
-1.9211	-2.9390	14.7820
-2.1409	-3.4072	14.1622
-2.4112	-3.9552	13.6095
-2.7388	-4.5984	13.1340
-3.1316	-5.3539	12.7499
-3.9292	-6.8420	12.3781
-4.9733	-8.7579	12.4262
-6.3092	-11.1375	13.1053
-7.9738	-13.8828	14.7276
-9.1762	-15.6713	16.3768
-10.4759	-17.3544	18.6267
-11.8207	-18.7199	21.5084
-13.1208	-19.5065	24.9505
-14.0046	-19.5433	27.8238
-14.7303	-18.9870	30.7542
-15.2339	-17.7978	33.5504
-15.4645	-16.0105	36.0128
-15.3862	-13.7355	37.9462
-14.9861	-11.1795	39.2261
-14.2807	-8.5573	39.8114
-13.3181	-6.0557	39.7378
-12.1811	-3.8596	39.1299
-10.9269	-2.0282	38.1269
-9.6236	-0.5937	36.8589
-8.3284	0.4661	35.4560
-7.2974	1.0997	34.2685
-6.3221	1.5475	33.0841
-5.4153	1.8438	31.9261
-4.5846	2.0221	30.8085
-3.7023	2.1214	29.5440
-2.9295	2.1363	28.3476
-2.2607	2.0987	27.2175
-1.6876	2.0332	26.1494
-1.0795	1.9363	24.8704
-0.5877	1.8467	23.6722
-0.1919	1.7807	22.5460
0.1299	1.7471	21.4843
0.3550	1.7464	20.6489
0.5505	1.7729	19.8518
0.7239	1.8280	19.0911
0.8829	1.9122	18.3654
1.0132	2.0084	17.7684
1.1408	2.1279	17.1962
1.2687	2.2717	16.6487
1.4001	2.4413	16.1260
1.5675	2.6820	15.5291
1.7485	2.9666	14.9699
1.9477	3.2997	14.4502
2.1700	3.6867	13.9731
2.4658	4.2145	13.4753
2.8080	4.8367	13.0500
3.2051	5.5668	12.7103
3.6675	6.4181	12.4746
4.3148	7.6003	12.3636
5.0871	8.9945	12.4888
6.0006	10.6073	12.9274
7.0688	12.4169	13.7788
8.2259	14.2606	15.0677
9.5148	16.1203	16.9490
10.8989	17.8107	19.5021
12.3021	19.0677	22.7275
13.3228	19.5404	25.5963
14.2203	19.4232	28.6648
14.9191	18.6181	31.7412
15.3496	17.1087	34.5960
15.4546	14.9610	36.9765
15.1999	12.3873	38.6885
14.5878	9.6330	39.6344
13.6644	6.9189	39.8129
12.7752	4.9666	39.4818
11.7778	3.2454	38.8238
10.7136	1.7931	37.9191
9.6208	0.6170	36.8501
8.5337	-0.2995	35.6900
7.4800	-0.9833	34.4881
6.4807	-1.4678	33.2837
5.5502	-1.7906	32.1036
4.6807	-1.9911	30.9405
3.8953	-2.0930	29.8264
3.1939	-2.1241	28.7643
2.5738	-2.1075	27.7538
1.8262	-2.0372	26.4088
1.2122	-1.9441	25.1513
0.7126	-1.8539	23.9716
0.3068	-1.7825	22.8613
0.0716	-1.7490	22.1348
-0.1338	-1.7306	21.4358
-0.3147	-1.7288	20.7630
-0.4757	-1.7442	20.1149
-0.6215	-1.7773	19.4905
-0.7556	-1.8288	18.8892
-0.8812	-1.8992	18.3102
-1.0016	-1.9891	17.7532
-1.1381	-2.1175	17.1374
-1.2753	-2.2740	16.5503
-1.4168	-2.4607	15.9918
-1.5662	-2.6794	15.4625
-1.7546	-2.9774	14.8850
-1.9632	-3.3279	14.3503
-2.1971	-3.7375	13.8616
-2.4621	-4.2133	13.4238
-2.8229	-4.8697	12.9822
-3.2454	-5.6457	12.6355
-3.7403	-6.5579	12.4053
-4.3207	-7.6214	12.3215
-5.1398	-9.0973	12.4668
-6.1192	-10.8191	12.9678
-7.2722	-12.7611	13.9430
-8.5991	-14.8328	15.5326
-9.7602	-16.4634	17.3221
-10.9871	-17.9279	19.6453
-12.2277	-19.0370	22.5020
-13.4020	-19.5763	25.8031
-14.4141	-19.3267	29.3748
-15.1388	-18.1664	32.8679
-15.4678	-16.1163	35.9148
-15.3428	-13.3396	38.2146
-14.8977	-10.7824	39.3641
-14.1642	-8.1894	39.8387
-13.1872	-5.7488	39.6873
-12.0301	-3.5983	39.0166
-10.8528	-1.9274	38.0542
-9.6355	-0.5966	36.8768
-8.4261	0.4070	35.5772
-7.2616	1.1250	34.2335
-6.3121	1.5579	33.0794
-5.4277	1.8478	31.9503
-4.6152	2.0248	30.8592
-3.8779	2.1165	29.8126
-3.0029	2.1460	28.4762
-2.2562	2.1071	27.2212
-1.6265	2.0335	26.0418
-1.1003	1.9493	24.9312
-0.7333	1.8833	24.0612
-0.4185	1.8271	23.2296
-0.1482	1.7851	22.4333
0.0851	1.7602	21.6700
0.2885	1.7540	20.9374
0.4676	1.7677	20.2340
0.6276	1.8025	19.5586
0.7736	1.8588	18.9100
0.9077	1.9352	18.2995
1.0363	2.0336	17.7136
1.1624	2.1549	17.1520
1.2894	2.3000	16.6144
1.4448	2.5041	16.0098
1.6097	2.7464	15.4397
1.7880	3.0307	14.9053
1.9844	3.3611	14.4084
2.2424	3.8113	13.8798
2.5377	4.3409	13.4123
2.8776	4.9613	13.0151
3.2708	5.6841	12.7007
3.8178	6.6869	12.4593
4.4678	7.8730	12.3966
5.2364	9.2576	12.5673
6.1393	10.8412	13.0444
7.4933	13.1053	14.2254
9.0880	15.5247	16.3031
10.8719	17.7801	19.4711
12.6867	19.3077	23.7520
13.6402	19.5781	26.6108
14.4556	19.2625	29.6020
15.0640	18.2913	32.5364
15.4058	16.6717	35.2020
15.4345	14.4888	37.3767
15.1259	11.9465	38.9007
14.4880	9.2706	39.7021
13.5660	6.6638	39.7942
12.4342	4.3232	39.2862
11.1613	2.3549	38.3244
9.8233	0.8069	37.0512
8.4846	-0.3364	35.6162
7.4386	-1.0052	34.4210
6.4472	-1.4799	33.2246
5.5240	-1.7959	32.0523
4.6777	-1.9878	30.9198
3.8014	-2.0958	29.6718
3.0310	-2.1185	28.4891
2.3617	-2.0869	27.3707
1.7860	-2.0254	26.3127
1.1655	-1.9293	25.0288
0.6630	-1.8374	23.8261
0.2582	-1.7669	22.6956
-0.0704	-1.7272	21.6297
-0.3055	-1.7207	20.7684
-0.5081	-1.7421	19.9474
-0.6865	-1.7930	19.1646
-0.8488	-1.8739	18.4185
-0.9768	-1.9644	17.8254
-1.1016	-2.0772	17.2564
-1.2263	-2.2133	16.7114
-1.3538	-2.3740	16.1904
-1.5163	-2.6037	15.5916
-1.6913	-2.8754	15.0294
-1.8833	-3.1936	14.5054
-2.0969	-3.5634	14.0222
-2.3803	-4.0673	13.5153
-2.7074	-4.6611	13.0769
-3.0864	-5.3578	12.7190
-3.5272	-6.1706	12.4579
-4.1436	-7.2996	12.3045
-4.8788	-8.6338	12.3683
-5.7493	-10.1838	12.7198
-6.7700	-11.9362	13.4509
-7.8955	-13.7667	14.6072
-9.1602	-15.6523	16.3332
-10.5346	-17.4269	18.7205
-11.9520	-18.8410	21.7963
-13.0025	-19.4868	24.5757
-13.9539	-19.5834	27.6096
-14.7321	-19.0130	30.7260
-15.2642	-17.7306	33.7031
-15.4863	-15.7658	36.2843
-15.3527	-13.3020	38.2471
-14.8528	-10.5718	39.4584
-14.0228	-7.7985	39.8844
-12.9830	-5.3265	39.6276
-11.7687	-3.1829	38.8533
-10.4558	-1.4441	37.7019
-9.1127	-0.1198	36.3307
-8.0238	0.6910	35.1300
-6.9803	1.2802	33.9081
-6.0005	1.6843	32.6989
-5.0963	1.9414	31.5240
-4.2195	2.0941	30.3176
-3.4378	2.1544	29.1689
-2.7489	2.1518	28.0789
-2.1479	2.1102	27.0453
-1.4662	2.0240	25.7396
-0.9094	1.9299	24.5176
-0.4581	1.8488	23.3700
-0.0911	1.7932	22.2887
0.1283	1.7727	21.5611
0.3206	1.7698	20.8618
0.4909	1.7858	20.1893
0.6443	1.8212	19.5424
0.7854	1.8764	18.9203
0.9175	1.9521	18.3223
1.0442	2.0492	17.7479
1.1686	2.1682	17.1968
1.3148	2.3354	16.5848
1.4660	2.5359	16.0044
1.6261	2.7724	15.4562
1.7991	3.0480	14.9413
2.0224	3.4230	14.3860
2.2742	3.8636	13.8822
2.5608	4.3788	13.4358
2.8894	4.9780	13.0550
3.3424	5.8075	12.7054
3.8773	6.7887	12.4884
4.5076	7.9396	12.4406
5.2484	9.2714	12.6111
6.3151	11.1310	13.2010
7.5839	13.2330	14.3658
9.0500	15.4538	16.2757
10.6653	17.5295	19.0805
11.7201	18.5926	21.3542
12.7514	19.3018	23.9850
13.7029	19.5190	26.8877
14.5082	19.1330	29.9160
15.0993	18.0676	32.8715
15.4059	16.3563	35.5075
15.3796	14.1143	37.6100
15.0101	11.5128	39.0329
14.3849	9.0140	39.6799
13.5199	6.6035	39.7268
12.4669	4.4242	39.2524
11.2863	2.5676	38.3757
10.1365	1.1722	37.3256
8.9761	0.0805	36.1318
7.8421	-0.7316	34.8657
6.7625	-1.3052	33.5838
5.8598	-1.6553	32.4559
5.0246	-1.8814	31.3590
4.2614	-2.0112	30.3023
3.5717	-2.0692	29.2899
2.7189	-2.0681	27.9345
1.9998	-2.0086	26.6640
1.4006	-1.9234	25.4711
0.9055	-1.8354	24.3483
0.5948	-1.7768	23.5545
0.3258	-1.7288	22.7925
0.0926	-1.6941	22.0604
-0.1108	-1.6747	21.3560
-0.2898	-1.6716	20.6780
-0.4489	-1.6858	20.0250
-0.5923	-1.7179	19.3960
-0.7240	-1.7683	18.7903
-0.8529	-1.8408	18.1822
-0.9763	-1.9344	17.5982
-1.0973	-2.0499	17.0379
-1.2190	-2.1884	16.5011
-1.2575	-2.2364	16.3388
-1.2965	-2.2867	16.1788
-1.3359	-2.3395	16.0211
-1.3758	-2.3948	15.8657