
49.13 110
56.34 130
49.13 110
54.47 124
53.90 121
43.96 93
36.94 73
42.46 90
43.96 93
38.23 79
43.46 93
48.67 107
43.68 93
43.27 93
47.68 104
47.47 104
45.07 99
46.27 102
45.67 99
36.26 73
36.48 73
36.44 73
43.66 93
42.00 90
41.09 87
40.17 85
41.31 87
42.02 90
39.38 82
37.85 76
36.84 73
37.87 76
35.79 70
35.55 70
34.80 68
34.54 68
32.96 62
31.93 59
32.19 62
30.89 56
30.65 56
29.17 53
29.17 53
29.45 53
28.06 51
27.77 48
25.16 42
25.06 42
23.72 36
23.99 36
22.74 34
22.55 34
22.55 34
19.93 25
18.74 22
17.48 19
16.19 17
16.19 17
15.86 14
17.15 19
17.15 19
16.19 17
14.18 11
12.14 5
13.50 8
11.22 2
9.07 0
9.76 0
9.42 0
10.20 0
6.53 0
5.78 0
4.27 0
4.92 0
3.94 0
4.27 0
3.29 0
1.90 0
2.66 0
2.97 0
2.97 0
2.97 0
1.68 0
1.68 0
1.68 0
1.68 0
1.68 0
